1.000000000000000021e-02 2.346616106985166539e-03
1.072267222010323158e-02 3.763014589977380173e-03
1.149756995397735633e-02 5.790056095220506849e-03
1.232846739442065853e-02 8.572213120646236459e-03
1.321941148466028795e-02 1.224367530091950880e-02
1.417474162926805545e-02 1.691364648089626124e-02
1.519911082952933937e-02 2.265376963962659890e-02
1.629750834620644420e-02 2.949092802991855680e-02
1.747528400007683849e-02 3.740810155545459814e-02
1.873817422860384052e-02 4.635442142974324081e-02
2.009233002565046985e-02 5.626317869277731865e-02
2.154434690031884619e-02 6.707376546453179544e-02
2.310129700083160542e-02 7.875115834481286048e-02
2.477076355991711387e-02 9.129554161424931202e-02
2.656087782946686682e-02 1.047357797793726369e-01
2.848035868435801893e-02 1.191038972662824824e-01
3.053855508833415444e-02 1.343929413671628714e-01
3.274549162877728181e-02 1.505063023462973049e-01
3.511191734215130672e-02 1.672110508516468641e-01
3.764935806792467365e-02 1.841095097774684830e-01
4.037017258596553582e-02 2.006410484448596931e-01
4.328761281083057244e-02 2.161198989749426314e-01
4.641588833612779463e-02 2.298058484866651041e-01
4.977023564332111460e-02 2.409954017753954680e-01
5.336699231206309957e-02 2.491145391960255251e-01
5.722367659350217212e-02 2.537930858015806646e-01
6.135907273413172824e-02 2.549056809292222781e-01
6.579332246575682330e-02 2.525736448347504215e-01
7.054802310718645553e-02 2.471321507977606025e-01
7.564633275546291113e-02 2.390744335193938641e-01
8.111308307896872294e-02 2.289873294783200397e-01
8.697490026177834288e-02 2.174905353842436773e-01
9.326033468832199691e-02 2.051874739707497952e-01
1.000000000000000056e-01 1.926307938261651032e-01
1.072267222010323123e-01 1.803018359036546725e-01
1.149756995397735598e-01 1.686013894381750144e-01
1.232846739442065853e-01 1.578484825797243640e-01
1.321941148466029281e-01 1.482842459846086536e-01
1.417474162926805614e-01 1.400785327728538143e-01
1.519911082952933867e-01 1.333376497651213577e-01
1.629750834620644351e-01 1.281121112800450712e-01
1.747528400007683780e-01 1.244037420074697309e-01
1.873817422860384052e-01 1.221717552147414815e-01
2.009233002565046777e-01 1.213376568872066019e-01
2.154434690031884481e-01 1.217890131897699096e-01
2.310129700083160265e-01 1.233822948274505144e-01
2.477076355991711387e-01 1.259451864399842580e-01
2.656087782946686682e-01 1.292789080329798113e-01
2.848035868435802032e-01 1.331612028307515294e-01
3.053855508833415722e-01 1.373506549061515869e-01
3.274549162877728459e-01 1.415928710793206979e-01
3.511191734215131088e-01 1.456287834418775740e-01
3.764935806792467643e-01 1.492049314596279874e-01
4.037017258596555802e-01 1.520851367308238000e-01
4.328761281083059465e-01 1.540625846278961542e-01
4.641588833612779741e-01 1.549710693937480788e-01
4.977023564332111460e-01 1.546941092404167384e-01
5.336699231206309957e-01 1.531708165151839940e-01
5.722367659350217073e-01 1.503977858368116538e-01
6.135907273413172547e-01 1.464267691599070997e-01
6.579332246575682053e-01 1.413584454374124666e-01
7.054802310718645275e-01 1.353330656811435884e-01
7.564633275546290836e-01 1.285190820997469396e-01
8.111308307896872849e-01 1.211010075975483546e-01
8.697490026177834288e-01 1.132676959611852024e-01
9.326033468832198858e-01 1.052020184294550353e-01
1.000000000000000000e+00 9.707259937382550774e-02
1.072267222010323096e+00 8.902793090409502619e-02
1.149756995397735571e+00 8.119287337736234844e-02
1.232846739442065909e+00 7.366730674865690220e-02
1.321941148466028615e+00 6.652654427047051400e-02
1.417474162926804837e+00 5.982305291306782430e-02
1.519911082952933201e+00 5.358902814089027550e-02
1.629750834620645072e+00 4.783942226223982658e-02
1.747528400007684724e+00 4.257510333849183481e-02
1.873817422860384996e+00 3.778590729802689535e-02
2.009233002565047776e+00 3.345342662250652688e-02
2.154434690031884259e+00 2.955344735663494385e-02
2.310129700083160209e+00 2.605799925168981665e-02
2.477076355991711498e+00 2.293702167222638408e-02
2.656087782946686904e+00 2.015967235172573882e-02
2.848035868435801810e+00 1.769531984262974825e-02
3.053855508833415389e+00 1.551426634399709695e-02
3.274549162877728570e+00 1.358824799713965852e-02
3.511191734215131088e+00 1.189075674731992875e-02
3.764935806792467421e+00 1.039722301408078052e-02
4.037017258596553582e+00 9.085092779413637271e-03
4.328761281083057355e+00 7.933827005992103581e-03
4.641588833612781961e+00 6.924845967558460220e-03
4.977023564332113459e+00 6.041436336845778556e-03
5.336699231206313065e+00 5.268634821902556768e-03
5.722367659350219959e+00 4.593098770974576167e-03
6.135907273413176100e+00 4.002971430407743433e-03
6.579332246575682497e+00 3.487747365426513944e-03
7.054802310718645053e+00 3.038141857407554523e-03
7.564633275546290392e+00 2.645966791902102950e-03
8.111308307896871739e+00 2.304014574365081166e-03
8.697490026177835176e+00 2.005950889801922515e-03
9.326033468832198636e+00 1.746216602818676140e-03
1.000000000000000000e+01 1.519938729973092364e-03
