1.000000000000000000e+01 1.519925103428006272e-03
9.326033468832198636e+00 1.746209164598358466e-03
8.697490026177835176e+00 2.005941464360094881e-03
8.111308307896871739e+00 2.303960114226015661e-03
7.564633275546290392e+00 2.645961925280433929e-03
7.054802310718645053e+00 3.038080307798207789e-03
6.579332246575682497e+00 3.487787512799753620e-03
6.135907273413176100e+00 4.002821941029206104e-03
5.722367659350219959e+00 4.593090643196372225e-03
5.336699231206313065e+00 5.269009905940576742e-03
4.977023564332113459e+00 6.041432493209707676e-03
4.641588833612781961e+00 6.924783569755742912e-03
4.328761281083057355e+00 7.933477858904721194e-03
4.037017258596553582e+00 9.085582812945400266e-03
3.764935806792467421e+00 1.039696331201111004e-02
3.511191734215131088e+00 1.189138520567562321e-02
3.274549162877728570e+00 1.358946704474621979e-02
3.053855508833415389e+00 1.551534643526210865e-02
2.848035868435801810e+00 1.769473657283545873e-02
2.656087782946686904e+00 2.016158161626427012e-02
2.477076355991711498e+00 2.293752377996563160e-02
2.310129700083160209e+00 2.605024368717139688e-02
2.154434690031884259e+00 2.955053559592938500e-02
2.009233002565047776e+00 3.345136786118767247e-02
1.873817422860384996e+00 3.776565959731706390e-02
1.747528400007684724e+00 4.257709410029408142e-02
1.629750834620645072e+00 4.781654041321568155e-02
1.519911082952933201e+00 5.362844633496531566e-02
1.417474162926804837e+00 5.980717090157094962e-02
1.321941148466028615e+00 6.658175797464467582e-02
1.232846739442065909e+00 7.369037952477958120e-02
1.149756995397735571e+00 8.116985620980113336e-02
1.072267222010323096e+00 8.904359154205844507e-02
1.000000000000000000e+00 9.715342511350978649e-02
9.326033468832198858e-01 1.051811513954614835e-01
8.697490026177834288e-01 1.132651685627651811e-01
8.111308307896872849e-01 1.210617317938552373e-01
7.564633275546290836e-01 1.285357111769954430e-01
7.054802310718645275e-01 1.353519292785228811e-01
6.579332246575682053e-01 1.414967574611107337e-01
6.135907273413172547e-01 1.465227684560179433e-01
5.722367659350217073e-01 1.504720868256382293e-01
5.336699231206309957e-01 1.535791500798616427e-01
4.977023564332111460e-01 1.551322023571500286e-01
4.641588833612779741e-01 1.549401425164481372e-01
4.328761281083059465e-01 1.542138797762057090e-01
4.037017258596555802e-01 1.518996309161857461e-01
3.764935806792467643e-01 1.488205868567973045e-01
3.511191734215131088e-01 1.454799289329935241e-01
3.274549162877728459e-01 1.421094216072118777e-01
3.053855508833415722e-01 1.384123030995686732e-01
2.848035868435802032e-01 1.330888131394506457e-01
2.656087782946686682e-01 1.294041465524230217e-01
2.477076355991711387e-01 1.258215806869573683e-01
2.310129700083160265e-01 1.234774187486989278e-01
2.154434690031884481e-01 1.218754453572685054e-01
2.009233002565046777e-01 1.212135931818881657e-01
1.873817422860384052e-01 1.226110627797804831e-01
1.747528400007683780e-01 1.240936849421740013e-01
1.629750834620644351e-01 1.290135856100591838e-01
1.519911082952933867e-01 1.334780409999057615e-01
1.417474162926805614e-01 1.403480575563663957e-01
1.321941148466029281e-01 1.485566754648608156e-01
1.232846739442065853e-01 1.584523174634056009e-01
1.149756995397735598e-01 1.660069541735186005e-01
1.072267222010323123e-01 1.793565613642370271e-01
1.000000000000000056e-01 1.934106754820652807e-01
9.326033468832199691e-02 2.036441848782505060e-01
8.697490026177834288e-02 2.216454450801975673e-01
8.111308307896872294e-02 2.265001654970675293e-01
7.564633275546291113e-02 2.422686901457546949e-01
7.054802310718645553e-02 2.453853731983252351e-01
6.579332246575682330e-02 2.564656993003839869e-01
6.135907273413172824e-02 2.614797526108882386e-01
5.722367659350217212e-02 2.500873676687758174e-01
5.336699231206309957e-02 2.409390899917394913e-01
4.977023564332111460e-02 2.358562268545310037e-01
4.641588833612779463e-02 2.285739777428490438e-01
4.328761281083057244e-02 2.144645576831802070e-01
4.037017258596553582e-02 2.001094866286028395e-01
3.764935806792467365e-02 1.749557781079773555e-01
3.511191734215130672e-02 1.578853487232866060e-01
3.274549162877728181e-02 1.476474066772441585e-01
3.053855508833415444e-02 1.384054639210257898e-01
2.848035868435801893e-02 1.244608631744706373e-01
2.656087782946686682e-02 1.040293403789900040e-01
2.477076355991711387e-02 9.493476096268006759e-02
2.310129700083160542e-02 7.673592561820391511e-02
2.154434690031884619e-02 6.113487440489718400e-02
2.009233002565046985e-02 5.750458906415240046e-02
1.873817422860384052e-02 4.737987823668506765e-02
1.747528400007683849e-02 4.001413581361507044e-02
1.629750834620644420e-02 3.422857307496066093e-02
1.519911082952933937e-02 2.793078949457598187e-02
1.417474162926805545e-02 2.452157334810625700e-02
1.321941148466028795e-02 1.881297599189456216e-02
1.232846739442065853e-02 1.015651893294186765e-02
1.149756995397735633e-02 7.010727439743281303e-03
1.072267222010323158e-02 5.375368856145668409e-03
1.000000000000000021e-02 2.060947189574946492e-03
