1.000000000000000021e-02 2.346616108095389563e-03
1.072267222010323158e-02 3.763014590942995348e-03
1.149756995397735633e-02 5.790056095220506849e-03
1.232846739442065853e-02 8.572213121376688616e-03
1.321941148466028795e-02 1.224367530091950880e-02
1.417474162926805545e-02 1.691364648144882271e-02
1.519911082952933937e-02 2.265376964106836574e-02
1.629750834620644420e-02 2.949092802991855680e-02
1.747528400007683849e-02 3.740810155581814067e-02
1.873817422860384052e-02 4.635442142974324081e-02
2.009233002565046985e-02 5.626317869332733701e-02
2.154434690031884619e-02 6.707376546453179544e-02
2.310129700083160542e-02 7.875115834502088852e-02
2.477076355991711387e-02 9.129554161424931202e-02
2.656087782946686682e-02 1.047357797796873713e-01
2.848035868435801893e-02 1.191038972668299750e-01
3.053855508833415444e-02 1.343929413676390738e-01
3.274549162877728181e-02 1.505063023461937766e-01
3.511191734215130672e-02 1.672110508516468641e-01
3.764935806792467365e-02 1.841095097771552058e-01
4.037017258596553582e-02 2.006410484449278053e-01
4.328761281083057244e-02 2.161198989749426314e-01
4.641588833612779463e-02 2.298058484866135620e-01
4.977023564332111460e-02 2.409954017755299160e-01
5.336699231206309957e-02 2.491145391960255251e-01
5.722367659350217212e-02 2.537930858016484437e-01
6.135907273413172824e-02 2.549056809291928016e-01
6.579332246575682330e-02 2.525736448347504215e-01
7.054802310718645553e-02 2.471321507977829179e-01
7.564633275546291113e-02 2.390744335193938641e-01
8.111308307896872294e-02 2.289873294782694135e-01
8.697490026177834288e-02 2.174905353842290223e-01
9.326033468832199691e-02 2.051874739707114925e-01
1.000000000000000056e-01 1.926307938261540009e-01
1.072267222010323123e-01 1.803018359036353824e-01
1.149756995397735598e-01 1.686013894382002165e-01
1.232846739442065853e-01 1.578484825797024371e-01
1.321941148466029281e-01 1.482842459845959415e-01
1.417474162926805614e-01 1.400785327728455154e-01
1.519911082952933867e-01 1.333376497651285741e-01
1.629750834620644351e-01 1.281121112800408801e-01
1.747528400007683780e-01 1.244037420074679129e-01
1.873817422860384052e-01 1.221717552147398994e-01
2.009233002565046777e-01 1.213376568872066019e-01
2.154434690031884481e-01 1.217890131897722966e-01
2.310129700083160265e-01 1.233822948274494735e-01
2.477076355991711387e-01 1.259451864399806498e-01
2.656087782946686682e-01 1.292789080329805884e-01
2.848035868435802032e-01 1.331612028307528894e-01
3.053855508833415722e-01 1.373506549061527804e-01
3.274549162877728459e-01 1.415928710793191436e-01
3.511191734215131088e-01 1.456287834418771021e-01
3.764935806792467643e-01 1.492049314596260168e-01
4.037017258596555802e-01 1.520851367308244939e-01
4.328761281083059465e-01 1.540625846278952660e-01
4.641588833612779741e-01 1.549710693937478290e-01
4.977023564332111460e-01 1.546941092404162943e-01
5.336699231206309957e-01 1.531708165151841883e-01
5.722367659350217073e-01 1.503977858368109599e-01
6.135907273413172547e-01 1.464267691599072385e-01
6.579332246575682053e-01 1.413584454374122168e-01
7.054802310718645275e-01 1.353330656811438104e-01
7.564633275546290836e-01 1.285190820997470507e-01
8.111308307896872849e-01 1.211010075975483130e-01
8.697490026177834288e-01 1.132676959611853135e-01
9.326033468832198858e-01 1.052020184294550631e-01
1.000000000000000000e+00 9.707259937382550774e-02
1.072267222010323096e+00 8.902793090409502619e-02
1.149756995397735571e+00 8.119287337736233456e-02
1.232846739442065909e+00 7.366730674865690220e-02
1.321941148466028615e+00 6.652654427047050012e-02
1.417474162926804837e+00 5.982305291306783124e-02
1.519911082952933201e+00 5.358902814089023386e-02
1.629750834620645072e+00 4.783942226223983352e-02
1.747528400007684724e+00 4.257510333849184869e-02
1.873817422860384996e+00 3.778590729802689535e-02
2.009233002565047776e+00 3.345342662250650606e-02
2.154434690031884259e+00 2.955344735663494385e-02
2.310129700083160209e+00 2.605799925168980971e-02
2.477076355991711498e+00 2.293702167222637020e-02
2.656087782946686904e+00 2.015967235172573535e-02
2.848035868435801810e+00 1.769531984262973784e-02
3.053855508833415389e+00 1.551426634399709174e-02
3.274549162877728570e+00 1.358824799713965678e-02
3.511191734215131088e+00 1.189075674731992181e-02
3.764935806792467421e+00 1.039722301408077879e-02
4.037017258596553582e+00 9.085092779413635536e-03
4.328761281083057355e+00 7.933827005992103581e-03
4.641588833612781961e+00 6.924845967558457618e-03
4.977023564332113459e+00 6.041436336845776821e-03
5.336699231206313065e+00 5.268634821902555901e-03
5.722367659350219959e+00 4.593098770974575300e-03
6.135907273413176100e+00 4.002971430407743433e-03
6.579332246575682497e+00 3.487747365426512643e-03
7.054802310718645053e+00 3.038141857407554089e-03
7.564633275546290392e+00 2.645966791902102516e-03
8.111308307896871739e+00 2.304014574365080299e-03
8.697490026177835176e+00 2.005950889801922082e-03
9.326033468832198636e+00 1.746216602818675490e-03
1.000000000000000000e+01 1.519938729973091930e-03
