-2.154700538379251462e+00
-2.063896144984946890e+00
-2.063896144984946890e+00
-1.951501137029769906e+00
-1.951501137029769906e+00
-1.951501137029769684e+00
-1.951501137029769684e+00
-1.942809041582063134e+00
-1.942809041582063134e+00
-1.900056530879181693e+00
-1.900056530879181471e+00
-1.900056530879181471e+00
-1.900056530879181249e+00
-1.895282055184780212e+00
-1.792600706211155970e+00
-1.792600706211155970e+00
-1.792600706211155970e+00
-1.792600706211155970e+00
-1.724086798434329992e+00
-1.724086798434329104e+00
-1.724086798434329104e+00
-1.724086798434329104e+00
-1.700705345572103067e+00
-1.700705345572102845e+00
-1.700705345572102845e+00
-1.700705345572102400e+00
-1.666666666666666519e+00
-1.666666666666666519e+00
-1.594146565806862315e+00
-1.594146565806862315e+00
-1.542404335098887636e+00
-1.488033871712584721e+00
-1.342757952890194062e+00
-1.342757952890193840e+00
-1.342757952890193840e+00
-1.342757952890193618e+00
-1.276142374915396616e+00
-1.276142374915396394e+00
-1.228615388518113694e+00
-1.185609072997629632e+00
-1.185609072997629632e+00
-1.164128714442578705e+00
-1.164128714442578705e+00
-1.164128714442578483e+00
-1.164128714442578261e+00
-1.125934039544489895e+00
-1.125934039544489451e+00
-1.125934039544489229e+00
-1.125934039544489229e+00
-1.000000000000000000e+00
-1.000000000000000000e+00
-9.999999999999998890e-01
-9.999999999999997780e-01
-9.999999999999997780e-01
-9.133329229849116437e-01
-9.133329229849116437e-01
-9.133329229849114217e-01
-9.133329229849111996e-01
-8.757376684322210059e-01
-8.213672050459183138e-01
-8.030829125114180567e-01
-8.030829125114180567e-01
-7.453559924999303421e-01
-7.453559924999301201e-01
-7.453559924999300090e-01
-7.453559924999300090e-01
-7.453559924999300090e-01
-7.453559924999298980e-01
-7.453559924999298980e-01
-7.453559924999297870e-01
-7.453559924999296760e-01
-7.453559924999295649e-01
-7.453559924999295649e-01
-7.453559924999293429e-01
-7.158594938195450563e-01
-7.158594938195450563e-01
-6.471222799141073123e-01
-6.379001678319049518e-01
-6.379001678319049518e-01
-6.379001678319046187e-01
-6.379001678319043966e-01
-6.094757082487300970e-01
-6.094757082487300970e-01
-5.449537386539837769e-01
-5.449537386539837769e-01
-4.945602010422631700e-01
-4.945602010422630590e-01
-4.945602010422629480e-01
-4.945602010422625039e-01
-4.093445458793220082e-01
-4.093445458793220082e-01
-4.093445458793217862e-01
-4.093445458793217862e-01
-3.333333333333338144e-01
-3.333333333333335924e-01
-3.333333333333334814e-01
-3.333333333333334814e-01
-3.333333333333334814e-01
-3.333333333333334814e-01
-3.333333333333334259e-01
-3.333333333333332038e-01
-3.333333333333331483e-01
-3.333333333333331483e-01
-3.333333333333330373e-01
-3.333333333333330373e-01
-3.333333333333330373e-01
-2.928122215449287524e-01
-2.928122215449284194e-01
-2.928122215449283083e-01
-2.928122215449280863e-01
-1.547005383792516287e-01
-7.520415947589914607e-02
-7.520415947589914607e-02
-5.719095841793658819e-02
-5.719095841793653268e-02
-4.799551221080256003e-02
-4.799551221080222696e-02
-4.799551221080222696e-02
-4.799551221080189389e-02
-4.201643008726158035e-02
-4.201643008726124728e-02
-4.201643008726124728e-02
-4.201643008726124728e-02
-2.876649883476189995e-02
-2.876649883476178893e-02
-2.876649883476178893e-02
-2.876649883476167791e-02
-1.954438675255920632e-02
1.954438675255920632e-02
2.876649883476167791e-02
2.876649883476178893e-02
2.876649883476178893e-02
2.876649883476189995e-02
4.201643008726124728e-02
4.201643008726124728e-02
4.201643008726124728e-02
4.201643008726158035e-02
4.799551221080189389e-02
4.799551221080222696e-02
4.799551221080222696e-02
4.799551221080256003e-02
5.719095841793653268e-02
5.719095841793658819e-02
7.520415947589914607e-02
7.520415947589914607e-02
1.547005383792516287e-01
2.928122215449280863e-01
2.928122215449283083e-01
2.928122215449284194e-01
2.928122215449287524e-01
3.333333333333330373e-01
3.333333333333330373e-01
3.333333333333330373e-01
3.333333333333331483e-01
3.333333333333331483e-01
3.333333333333332038e-01
3.333333333333334259e-01
3.333333333333334814e-01
3.333333333333334814e-01
3.333333333333334814e-01
3.333333333333334814e-01
3.333333333333335924e-01
3.333333333333338144e-01
4.093445458793217862e-01
4.093445458793217862e-01
4.093445458793220082e-01
4.093445458793220082e-01
4.945602010422625039e-01
4.945602010422629480e-01
4.945602010422630590e-01
4.945602010422631700e-01
5.449537386539837769e-01
5.449537386539837769e-01
6.094757082487300970e-01
6.094757082487300970e-01
6.379001678319043966e-01
6.379001678319046187e-01
6.379001678319049518e-01
6.379001678319049518e-01
6.471222799141073123e-01
7.158594938195450563e-01
7.158594938195450563e-01
7.453559924999293429e-01
7.453559924999295649e-01
7.453559924999295649e-01
7.453559924999296760e-01
7.453559924999297870e-01
7.453559924999298980e-01
7.453559924999298980e-01
7.453559924999300090e-01
7.453559924999300090e-01
7.453559924999300090e-01
7.453559924999301201e-01
7.453559924999303421e-01
8.030829125114180567e-01
8.030829125114180567e-01
8.213672050459183138e-01
8.757376684322210059e-01
9.133329229849111996e-01
9.133329229849114217e-01
9.133329229849116437e-01
9.133329229849116437e-01
9.999999999999997780e-01
9.999999999999997780e-01
9.999999999999998890e-01
1.000000000000000000e+00
1.000000000000000000e+00
1.125934039544489229e+00
1.125934039544489229e+00
1.125934039544489451e+00
1.125934039544489895e+00
1.164128714442578261e+00
1.164128714442578483e+00
1.164128714442578705e+00
1.164128714442578705e+00
1.185609072997629632e+00
1.185609072997629632e+00
1.228615388518113694e+00
1.276142374915396394e+00
1.276142374915396616e+00
1.342757952890193618e+00
1.342757952890193840e+00
1.342757952890193840e+00
1.342757952890194062e+00
1.488033871712584721e+00
1.542404335098887636e+00
1.594146565806862315e+00
1.594146565806862315e+00
1.666666666666666519e+00
1.666666666666666519e+00
1.700705345572102400e+00
1.700705345572102845e+00
1.700705345572102845e+00
1.700705345572103067e+00
1.724086798434329104e+00
1.724086798434329104e+00
1.724086798434329104e+00
1.724086798434329992e+00
1.792600706211155970e+00
1.792600706211155970e+00
1.792600706211155970e+00
1.792600706211155970e+00
1.895282055184780212e+00
1.900056530879181249e+00
1.900056530879181471e+00
1.900056530879181471e+00
1.900056530879181693e+00
1.942809041582063134e+00
1.942809041582063134e+00
1.951501137029769684e+00
1.951501137029769684e+00
1.951501137029769906e+00
1.951501137029769906e+00
2.063896144984946890e+00
2.063896144984946890e+00
2.154700538379251462e+00
