4.000000e+00 9.248954e-03
3.176534e+00 1.439657e-02
2.522591e+00 2.217807e-02
2.003274e+00 3.361794e-02
1.590867e+00 4.978903e-02
1.263360e+00 7.111053e-02
1.003277e+00 9.676334e-02
7.967354e-01 1.231993e-01
6.327142e-01 1.440429e-01
5.024595e-01 1.543871e-01
3.990198e-01 1.517605e-01
3.168750e-01 1.391169e-01
2.516410e-01 1.274858e-01
1.998365e-01 1.210482e-01
1.586968e-01 1.311268e-01
1.260265e-01 1.567351e-01
1.000818e-01 1.900084e-01
7.947831e-02 2.297053e-01
6.311638e-02 2.559892e-01
5.012282e-02 2.460151e-01
3.980421e-02 2.013700e-01
3.160985e-02 1.473892e-01
2.510244e-02 9.730771e-02
1.993468e-02 5.186136e-02
1.583080e-02 2.574625e-02
1.257176e-02 7.816116e-03
9.983657e-03 2.067697e-03
7.928355e-03 -5.175015e-09
6.296172e-03 -8.205872e-09
5.000000e-03 -1.301181e-08
