4.000000 0.009249 0.000000
3.176534 0.014398 0.000000
2.522591 0.022179 0.000001
2.003274 0.033626 0.000002
1.590867 0.049773 0.000003
1.263360 0.071111 0.000007
1.003277 0.096699 0.000016
0.796735 0.123049 0.000024
0.632714 0.144278 0.000031
0.502459 0.154516 0.000042
0.399020 0.151658 0.000067
0.316875 0.139602 0.000089
0.251641 0.126630 0.000127
0.199837 0.121374 0.000138
0.158697 0.130102 0.000281
0.126027 0.154788 0.000274
0.100082 0.192581 0.000455
0.079478 0.231881 0.000718
0.063116 0.254643 0.000780
0.050123 0.242349 0.001665
0.039804 0.199588 0.001376
0.031610 0.141415 0.001440
0.025102 0.094289 0.000997
0.019935 0.054847 0.001048
0.015831 0.025846 0.000740
0.012572 0.010029 0.000521
0.009984 0.001745 0.000337
0.007928 0.000410 0.000237
0.006296 -0.000000 -0.000000
0.005000 -0.000000 0.000000
