4.000000e+00 9.248704e-03
3.176534e+00 1.439836e-02
2.522591e+00 2.217744e-02
2.003274e+00 3.362467e-02
1.590867e+00 4.977395e-02
1.263360e+00 7.109750e-02
1.003277e+00 9.679664e-02
7.967354e-01 1.229730e-01
6.327142e-01 1.442099e-01
5.024595e-01 1.544597e-01
3.990198e-01 1.518011e-01
3.168750e-01 1.401673e-01
2.516410e-01 1.268509e-01
1.998365e-01 1.220705e-01
1.586968e-01 1.292223e-01
1.260265e-01 1.542312e-01
1.000818e-01 1.930377e-01
7.947831e-02 2.295129e-01
6.311638e-02 2.503431e-01
5.012282e-02 2.285167e-01
3.980421e-02 1.908396e-01
3.160985e-02 1.397346e-01
2.510244e-02 9.170081e-02
1.993468e-02 5.008761e-02
1.583080e-02 2.127440e-02
1.257176e-02 1.041731e-02
9.983657e-03 1.033950e-03
7.928355e-03 -5.175015e-09
6.296172e-03 -8.205872e-09
5.000000e-03 -1.301181e-08
