4.000000e+00 9.248731e-03
3.176534e+00 1.439796e-02
2.522591e+00 2.217699e-02
2.003274e+00 3.363232e-02
1.590867e+00 4.978250e-02
1.263360e+00 7.111239e-02
1.003277e+00 9.674157e-02
7.967354e-01 1.230352e-01
6.327142e-01 1.442067e-01
5.024595e-01 1.546932e-01
3.990198e-01 1.512980e-01
3.168750e-01 1.391426e-01
2.516410e-01 1.255437e-01
1.998365e-01 1.213361e-01
1.586968e-01 1.294409e-01
1.260265e-01 1.541553e-01
1.000818e-01 1.908751e-01
7.947831e-02 2.323005e-01
6.311638e-02 2.542192e-01
5.012282e-02 2.416861e-01
3.980421e-02 1.917467e-01
3.160985e-02 1.311480e-01
2.510244e-02 8.778911e-02
1.993468e-02 5.357052e-02
1.583080e-02 2.412128e-02
1.257176e-02 5.863847e-03
9.983657e-03 4.134570e-03
7.928355e-03 -5.175015e-09
6.296172e-03 -8.205872e-09
5.000000e-03 -1.301181e-08
