4.000000e+00 9.248566e-03
3.176534e+00 1.439938e-02
2.522591e+00 2.217744e-02
2.003274e+00 3.361092e-02
1.590867e+00 4.974450e-02
1.263360e+00 7.110820e-02
1.003277e+00 9.675031e-02
7.967354e-01 1.231295e-01
6.327142e-01 1.445106e-01
5.024595e-01 1.544147e-01
3.990198e-01 1.518965e-01
3.168750e-01 1.392603e-01
2.516410e-01 1.271362e-01
1.998365e-01 1.212783e-01
1.586968e-01 1.322951e-01
1.260265e-01 1.559107e-01
1.000818e-01 1.934601e-01
7.947831e-02 2.350466e-01
6.311638e-02 2.533448e-01
5.012282e-02 2.366904e-01
3.980421e-02 1.896421e-01
3.160985e-02 1.407020e-01
2.510244e-02 8.726508e-02
1.993468e-02 4.884125e-02
1.583080e-02 2.655825e-02
1.257176e-02 1.106729e-02
9.983657e-03 4.134570e-03
7.928355e-03 1.639505e-03
6.296172e-03 -8.205872e-09
5.000000e-03 -1.301181e-08
