4.000000e+00 9.248480e-03
3.176534e+00 1.439702e-02
2.522591e+00 2.217654e-02
2.003274e+00 3.362121e-02
1.590867e+00 4.977492e-02
1.263360e+00 7.116587e-02
1.003277e+00 9.671179e-02
7.967354e-01 1.230267e-01
6.327142e-01 1.443026e-01
5.024595e-01 1.549108e-01
3.990198e-01 1.517012e-01
3.168750e-01 1.399884e-01
2.516410e-01 1.265022e-01
1.998365e-01 1.211796e-01
1.586968e-01 1.313242e-01
1.260265e-01 1.530351e-01
1.000818e-01 1.938314e-01
7.947831e-02 2.324170e-01
6.311638e-02 2.586990e-01
5.012282e-02 2.431324e-01
3.980421e-02 1.962066e-01
3.160985e-02 1.333208e-01
2.510244e-02 9.442428e-02
1.993468e-02 5.541417e-02
1.583080e-02 2.655825e-02
1.257176e-02 9.767211e-03
9.983657e-03 2.067697e-03
7.928355e-03 -5.175015e-09
6.296172e-03 -8.205872e-09
5.000000e-03 -1.301181e-08
