4.000000e+00 9.248526e-03
3.176534e+00 1.439744e-02
2.522591e+00 2.218197e-02
2.003274e+00 3.362816e-02
1.590867e+00 4.977588e-02
1.263360e+00 7.113414e-02
1.003277e+00 9.661982e-02
7.967354e-01 1.231081e-01
6.327142e-01 1.442664e-01
5.024595e-01 1.544788e-01
3.990198e-01 1.515452e-01
3.168750e-01 1.401007e-01
2.516410e-01 1.260240e-01
1.998365e-01 1.211023e-01
1.586968e-01 1.294144e-01
1.260265e-01 1.538523e-01
1.000818e-01 1.918265e-01
7.947831e-02 2.307600e-01
6.311638e-02 2.572969e-01
5.012282e-02 2.435396e-01
3.980421e-02 1.987380e-01
3.160985e-02 1.400152e-01
2.510244e-02 1.025367e-01
1.993468e-02 5.506009e-02
1.583080e-02 3.223300e-02
1.257176e-02 1.041731e-02
9.983657e-03 1.033950e-03
7.928355e-03 -5.175015e-09
6.296172e-03 -8.205872e-09
5.000000e-03 -1.301181e-08
