4.000000e+00 9.248907e-03
3.176534e+00 1.439956e-02
2.522591e+00 2.218297e-02
2.003274e+00 3.362900e-02
1.590867e+00 4.976338e-02
1.263360e+00 7.110528e-02
1.003277e+00 9.662623e-02
7.967354e-01 1.232081e-01
6.327142e-01 1.443539e-01
5.024595e-01 1.542680e-01
3.990198e-01 1.513148e-01
3.168750e-01 1.395004e-01
2.516410e-01 1.266858e-01
1.998365e-01 1.214225e-01
1.586968e-01 1.299917e-01
1.260265e-01 1.564371e-01
1.000818e-01 1.894181e-01
7.947831e-02 2.363927e-01
6.311638e-02 2.616847e-01
5.012282e-02 2.294960e-01
3.980421e-02 1.985627e-01
3.160985e-02 1.424359e-01
2.510244e-02 9.473310e-02
1.993468e-02 5.809938e-02
1.583080e-02 3.020815e-02
1.257176e-02 1.301643e-02
9.983657e-03 -3.263612e-09
7.928355e-03 -5.175015e-09
6.296172e-03 -8.205872e-09
5.000000e-03 -1.301181e-08
