4.000000e+00 9.248753e-03
3.176534e+00 1.439904e-02
2.522591e+00 2.217905e-02
2.003274e+00 3.362341e-02
1.590867e+00 4.976549e-02
1.263360e+00 7.107735e-02
1.003277e+00 9.666375e-02
7.967354e-01 1.229572e-01
6.327142e-01 1.442679e-01
5.024595e-01 1.544426e-01
3.990198e-01 1.517474e-01
3.168750e-01 1.394761e-01
2.516410e-01 1.266333e-01
1.998365e-01 1.218816e-01
1.586968e-01 1.300622e-01
1.260265e-01 1.552665e-01
1.000818e-01 1.937648e-01
7.947831e-02 2.379441e-01
6.311638e-02 2.511887e-01
5.012282e-02 2.453255e-01
3.980421e-02 2.006543e-01
3.160985e-02 1.375902e-01
2.510244e-02 9.636302e-02
1.993468e-02 6.178473e-02
1.583080e-02 2.371483e-02
1.257176e-02 8.466611e-03
9.983657e-03 1.033950e-03
7.928355e-03 -5.175015e-09
6.296172e-03 -8.205872e-09
5.000000e-03 -1.301181e-08
