4.000000e+00 9.247997e-03
3.176534e+00 1.439763e-02
2.522591e+00 2.217786e-02
2.003274e+00 3.363076e-02
1.590867e+00 4.977707e-02
1.263360e+00 7.105375e-02
1.003277e+00 9.661607e-02
7.967354e-01 1.230136e-01
6.327142e-01 1.444490e-01
5.024595e-01 1.547399e-01
3.990198e-01 1.518199e-01
3.168750e-01 1.396476e-01
2.516410e-01 1.261946e-01
1.998365e-01 1.220359e-01
1.586968e-01 1.301004e-01
1.260265e-01 1.551539e-01
1.000818e-01 1.949946e-01
7.947831e-02 2.270912e-01
6.311638e-02 2.535727e-01
5.012282e-02 2.391847e-01
3.980421e-02 1.977482e-01
3.160985e-02 1.368658e-01
2.510244e-02 8.910273e-02
1.993468e-02 4.812169e-02
1.583080e-02 2.677229e-02
1.257176e-02 1.201325e-02
9.983657e-03 1.033950e-03
7.928355e-03 -5.175015e-09
6.296172e-03 -8.205872e-09
5.000000e-03 -1.301181e-08
