4.000000e+00 9.249015e-03
3.176534e+00 1.439637e-02
2.522591e+00 2.218121e-02
2.003274e+00 3.361685e-02
1.590867e+00 4.977325e-02
1.263360e+00 7.110333e-02
1.003277e+00 9.669857e-02
7.967354e-01 1.228415e-01
6.327142e-01 1.442897e-01
5.024595e-01 1.545359e-01
3.990198e-01 1.515096e-01
3.168750e-01 1.394432e-01
2.516410e-01 1.270519e-01
1.998365e-01 1.203502e-01
1.586968e-01 1.298223e-01
1.260265e-01 1.561723e-01
1.000818e-01 1.896304e-01
7.947831e-02 2.304052e-01
6.311638e-02 2.525505e-01
5.012282e-02 2.453626e-01
3.980421e-02 2.024306e-01
3.160985e-02 1.476483e-01
2.510244e-02 9.806335e-02
1.993468e-02 6.107193e-02
1.583080e-02 2.655825e-02
1.257176e-02 1.236684e-02
9.983657e-03 1.033950e-03
7.928355e-03 -5.175015e-09
6.296172e-03 -8.205872e-09
5.000000e-03 -1.301181e-08
