4.000000e+00 9.248107e-03
3.176534e+00 1.439780e-02
2.522591e+00 2.217757e-02
2.003274e+00 3.363298e-02
1.590867e+00 4.977484e-02
1.263360e+00 7.108280e-02
1.003277e+00 9.676167e-02
7.967354e-01 1.229993e-01
6.327142e-01 1.441328e-01
5.024595e-01 1.543544e-01
3.990198e-01 1.516623e-01
3.168750e-01 1.397354e-01
2.516410e-01 1.267433e-01
1.998365e-01 1.216026e-01
1.586968e-01 1.316760e-01
1.260265e-01 1.532507e-01
1.000818e-01 1.934729e-01
7.947831e-02 2.316167e-01
6.311638e-02 2.527036e-01
5.012282e-02 2.431313e-01
3.980421e-02 2.027624e-01
3.160985e-02 1.409639e-01
2.510244e-02 9.708801e-02
1.993468e-02 5.887975e-02
1.583080e-02 2.899226e-02
1.257176e-02 1.236684e-02
9.983657e-03 2.067697e-03
7.928355e-03 -5.175015e-09
6.296172e-03 -8.205872e-09
5.000000e-03 -1.301181e-08
