4.000000e+00 9.248589e-03
3.176534e+00 1.439782e-02
2.522591e+00 2.217720e-02
2.003274e+00 3.362501e-02
1.590867e+00 4.977030e-02
1.263360e+00 7.111205e-02
1.003277e+00 9.663394e-02
7.967354e-01 1.230970e-01
6.327142e-01 1.442302e-01
5.024595e-01 1.545444e-01
3.990198e-01 1.521244e-01
3.168750e-01 1.393821e-01
2.516410e-01 1.271411e-01
1.998365e-01 1.219433e-01
1.586968e-01 1.296507e-01
1.260265e-01 1.549629e-01
1.000818e-01 1.939722e-01
7.947831e-02 2.298423e-01
6.311638e-02 2.518719e-01
5.012282e-02 2.390114e-01
3.980421e-02 2.104460e-01
3.160985e-02 1.408740e-01
2.510244e-02 9.347986e-02
1.993468e-02 5.235911e-02
1.583080e-02 2.228285e-02
1.257176e-02 9.767211e-03
9.983657e-03 4.134570e-03
7.928355e-03 3.278687e-03
6.296172e-03 -8.205872e-09
5.000000e-03 -1.301181e-08
