4.000000e+00 9.248291e-03
3.176534e+00 1.439815e-02
2.522591e+00 2.218318e-02
2.003274e+00 3.363300e-02
1.590867e+00 4.975529e-02
1.263360e+00 7.113411e-02
1.003277e+00 9.662427e-02
7.967354e-01 1.230284e-01
6.327142e-01 1.443508e-01
5.024595e-01 1.543259e-01
3.990198e-01 1.516334e-01
3.168750e-01 1.392696e-01
2.516410e-01 1.263025e-01
1.998365e-01 1.207091e-01
1.586968e-01 1.277592e-01
1.260265e-01 1.544423e-01
1.000818e-01 1.944841e-01
7.947831e-02 2.338000e-01
6.311638e-02 2.565264e-01
5.012282e-02 2.520177e-01
3.980421e-02 2.014076e-01
3.160985e-02 1.397620e-01
2.510244e-02 9.372592e-02
1.993468e-02 5.232779e-02
1.583080e-02 2.655825e-02
1.257176e-02 8.466611e-03
9.983657e-03 -3.263612e-09
7.928355e-03 -5.175015e-09
6.296172e-03 -8.205872e-09
5.000000e-03 -1.301181e-08
