4.000000e+00 9.248814e-03
3.176534e+00 1.439982e-02
2.522591e+00 2.218094e-02
2.003274e+00 3.363403e-02
1.590867e+00 4.978469e-02
1.263360e+00 7.110392e-02
1.003277e+00 9.677019e-02
7.967354e-01 1.230574e-01
6.327142e-01 1.441012e-01
5.024595e-01 1.546708e-01
3.990198e-01 1.520706e-01
3.168750e-01 1.400156e-01
2.516410e-01 1.268803e-01
1.998365e-01 1.207481e-01
1.586968e-01 1.297116e-01
1.260265e-01 1.547141e-01
1.000818e-01 1.912773e-01
7.947831e-02 2.297880e-01
6.311638e-02 2.580881e-01
5.012282e-02 2.441215e-01
3.980421e-02 2.056211e-01
3.160985e-02 1.529379e-01
2.510244e-02 9.378917e-02
1.993468e-02 5.527001e-02
1.583080e-02 2.615229e-02
1.257176e-02 1.236684e-02
9.983657e-03 1.033950e-03
7.928355e-03 -5.175015e-09
6.296172e-03 -8.205872e-09
5.000000e-03 -1.301181e-08
