4.000000e+00 9.248475e-03
3.176534e+00 1.439838e-02
2.522591e+00 2.218167e-02
2.003274e+00 3.363419e-02
1.590867e+00 4.979360e-02
1.263360e+00 7.114553e-02
1.003277e+00 9.666555e-02
7.967354e-01 1.231293e-01
6.327142e-01 1.444202e-01
5.024595e-01 1.545323e-01
3.990198e-01 1.515015e-01
3.168750e-01 1.393826e-01
2.516410e-01 1.268962e-01
1.998365e-01 1.210253e-01
1.586968e-01 1.291504e-01
1.260265e-01 1.540458e-01
1.000818e-01 1.943129e-01
7.947831e-02 2.336190e-01
6.311638e-02 2.540217e-01
5.012282e-02 2.491330e-01
3.980421e-02 2.037298e-01
3.160985e-02 1.500507e-01
2.510244e-02 9.721320e-02
1.993468e-02 5.525453e-02
1.583080e-02 2.330829e-02
1.257176e-02 7.816116e-03
9.983657e-03 1.033950e-03
7.928355e-03 -5.175015e-09
6.296172e-03 -8.205872e-09
5.000000e-03 -1.301181e-08
