4.000000e+00 9.248606e-03
3.176534e+00 1.439708e-02
2.522591e+00 2.218083e-02
2.003274e+00 3.362536e-02
1.590867e+00 4.976147e-02
1.263360e+00 7.112463e-02
1.003277e+00 9.673872e-02
7.967354e-01 1.229757e-01
6.327142e-01 1.443119e-01
5.024595e-01 1.545010e-01
3.990198e-01 1.511429e-01
3.168750e-01 1.400084e-01
2.516410e-01 1.260088e-01
1.998365e-01 1.222434e-01
1.586968e-01 1.308849e-01
1.260265e-01 1.542407e-01
1.000818e-01 1.929260e-01
7.947831e-02 2.298519e-01
6.311638e-02 2.521907e-01
5.012282e-02 2.512184e-01
3.980421e-02 2.014955e-01
3.160985e-02 1.412025e-01
2.510244e-02 9.404196e-02
1.993468e-02 5.954585e-02
1.583080e-02 2.249498e-02
1.257176e-02 8.466611e-03
9.983657e-03 2.067697e-03
7.928355e-03 1.639505e-03
6.296172e-03 -8.205872e-09
5.000000e-03 -1.301181e-08
