1.000000000000000021e-02 1.318820006781764864e-01
1.072267222010323158e-02 1.397772780092066680e-01
1.149756995397735633e-02 1.463794532086583056e-01
1.232846739442065853e-02 1.516823997606503438e-01
1.321941148466028795e-02 1.558034588366295770e-01
1.417474162926805545e-02 1.589514611609141037e-01
1.519911082952933937e-02 1.613781549600794563e-01
1.629750834620644420e-02 1.633250963936507261e-01
1.747528400007683849e-02 1.649777329072507071e-01
1.873817422860384052e-02 1.664349627404148602e-01
2.009233002565046985e-02 1.676977602425618885e-01
2.154434690031884619e-02 1.686761939372223573e-01
2.310129700083160542e-02 1.692111913661544231e-01
2.477076355991711387e-02 1.691058078614410543e-01
2.656087782946686682e-02 1.681602456546836544e-01
2.848035868435801893e-02 1.662051425370062452e-01
3.053855508833415444e-02 1.631285295610070962e-01
3.274549162877728181e-02 1.588932356158734294e-01
3.511191734215130672e-02 1.535432353625376112e-01
3.764935806792467365e-02 1.471992401691883667e-01
4.037017258596553582e-02 1.400454087550546400e-01
4.328761281083057244e-02 1.323101349877934263e-01
4.641588833612779463e-02 1.242443068357225733e-01
4.977023564332111460e-02 1.161002307060603755e-01
5.336699231206309957e-02 1.081137224420985060e-01
5.722367659350217212e-02 1.004909040213879390e-01
6.135907273413172824e-02 9.340025043559697926e-02
6.579332246575682330e-02 8.696959554308288098e-02
7.054802310718645553e-02 8.128723883093949554e-02
7.564633275546291113e-02 7.640602028310071459e-02
8.111308307896872294e-02 7.234920354689107491e-02
8.697490026177834288e-02 6.911714865779235162e-02
9.326033468832199691e-02 6.669398096250379881e-02
1.000000000000000056e-01 6.505370579614261350e-02
1.072267222010323123e-01 6.416543648251046839e-02
1.149756995397735598e-01 6.399757466216859925e-02
1.232846739442065853e-01 6.452089769657060048e-02
1.321941148466029281e-01 6.571056500991624694e-02
1.417474162926805614e-01 6.754705675992569991e-02
1.519911082952933867e-01 7.001601778189807390e-02
1.629750834620644351e-01 7.310692613678683449e-02
1.747528400007683780e-01 7.681048073858787184e-02
1.873817422860384052e-01 8.111464969074429210e-02
2.009233002565046777e-01 8.599946646619828494e-02
2.154434690031884481e-01 9.143089789044633875e-02
2.310129700083160265e-01 9.735439038377553811e-02
2.477076355991711387e-01 1.036889550700822726e-01
2.656087782946686682e-01 1.103227983806098211e-01
2.848035868435802032e-01 1.171114828561532206e-01
3.053855508833415722e-01 1.238793917168195258e-01
3.274549162877728459e-01 1.304248931510447740e-01
3.511191734215131088e-01 1.365291153371690214e-01
3.764935806792467643e-01 1.419677311711910472e-01
4.037017258596555802e-01 1.465246967168370440e-01
4.328761281083059465e-01 1.500065632459362253e-01
4.641588833612779741e-01 1.522558422714556936e-01
4.977023564332111460e-01 1.531619714062339432e-01
5.336699231206309957e-01 1.526686999066543260e-01
5.722367659350217073e-01 1.507771480590043289e-01
6.135907273413172547e-01 1.475443279591646395e-01
6.579332246575682053e-01 1.430774606333263532e-01
7.054802310718645275e-01 1.375248990627198631e-01
7.564633275546290836e-01 1.310647965616091593e-01
8.111308307896872849e-01 1.238928031139920199e-01
8.697490026177834288e-01 1.162100245494153833e-01
9.326033468832198858e-01 1.082122726357471892e-01
1.000000000000000000e+00 1.000813251939831061e-01
1.072267222010323096e+00 9.197857033831090268e-02
1.149756995397735571e+00 8.404108764943456211e-02
1.232846739442065909e+00 7.637996380828974974e-02
1.321941148466028615e+00 6.908047146770139590e-02
1.417474162926804837e+00 6.220365844070474548e-02
1.519911082952933201e+00 5.578888589658610037e-02
1.629750834620645072e+00 4.985689819408226087e-02
1.747528400007684724e+00 4.441308117630259067e-02
1.873817422860384996e+00 3.945065123138822433e-02
2.009233002565047776e+00 3.495360032820291757e-02
2.154434690031884259e+00 3.089929410209211677e-02
2.310129700083160209e+00 2.726067702093270401e-02
2.477076355991711498e+00 2.400808017045131734e-02
2.656087782946686904e+00 2.111065478129749845e-02
2.848035868435801810e+00 1.853747080218964144e-02
3.053855508833415389e+00 1.625832738257411078e-02
3.274549162877728570e+00 1.424432364419652569e-02
3.511191734215131088e+00 1.246823574935890938e-02
3.764935806792467421e+00 1.090474167891709346e-02
4.037017258596553582e+00 9.530529514951752504e-03
4.328761281083057355e+00 8.324319188316926452e-03
4.641588833612781961e+00 7.266822099930385186e-03
4.977023564332113459e+00 6.340658032163608467e-03
5.336699231206313065e+00 5.530244453744556817e-03
5.722367659350219959e+00 4.821669708992700268e-03
6.135907273413176100e+00 4.202558631223133993e-03
6.579332246575682497e+00 3.661936760750270688e-03
7.054802310718645053e+00 3.190097497429872711e-03
7.564633275546290392e+00 2.778475092419787837e-03
8.111308307896871739e+00 2.419525305739834552e-03
8.697490026177835176e+00 2.106614756089303722e-03
9.326033468832198636e+00 1.833919408109223326e-03
1.000000000000000000e+01 1.596332230667844637e-03
