1.000000e+01 1.596332e-03
9.326033e+00 1.833919e-03
8.697490e+00 2.106615e-03
8.111308e+00 2.419525e-03
7.564633e+00 2.778475e-03
7.054802e+00 3.190098e-03
6.579332e+00 3.661937e-03
6.135907e+00 4.202559e-03
5.722368e+00 4.821670e-03
5.336699e+00 5.530244e-03
4.977024e+00 6.340659e-03
4.641589e+00 7.266824e-03
4.328761e+00 8.324318e-03
4.037017e+00 9.530531e-03
3.764936e+00 1.090475e-02
3.511192e+00 1.246824e-02
3.274549e+00 1.424434e-02
3.053856e+00 1.625831e-02
2.848036e+00 1.853747e-02
2.656088e+00 2.111072e-02
2.477076e+00 2.400813e-02
2.310130e+00 2.726061e-02
2.154435e+00 3.089942e-02
2.009233e+00 3.495381e-02
1.873817e+00 3.945073e-02
1.747528e+00 4.441348e-02
1.629751e+00 4.985609e-02
1.519911e+00 5.578944e-02
1.417474e+00 6.220331e-02
1.321941e+00 6.908040e-02
1.232847e+00 7.637994e-02
1.149757e+00 8.404556e-02
1.072267e+00 9.198020e-02
1.000000e+00 1.000822e-01
9.326033e-01 1.082137e-01
8.697490e-01 1.162295e-01
8.111308e-01 1.238992e-01
7.564633e-01 1.310538e-01
7.054802e-01 1.374956e-01
6.579332e-01 1.430415e-01
6.135907e-01 1.475021e-01
5.722368e-01 1.507517e-01
5.336699e-01 1.526443e-01
4.977024e-01 1.532092e-01
4.641589e-01 1.522975e-01
4.328761e-01 1.499999e-01
4.037017e-01 1.465651e-01
3.764936e-01 1.418471e-01
3.511192e-01 1.365010e-01
3.274549e-01 1.304880e-01
3.053856e-01 1.239492e-01
2.848036e-01 1.172321e-01
2.656088e-01 1.101706e-01
2.477076e-01 1.036461e-01
2.310130e-01 9.730139e-02
2.154435e-01 9.159154e-02
2.009233e-01 8.611101e-02
1.873817e-01 8.123816e-02
1.747528e-01 7.679807e-02
1.629751e-01 7.283065e-02
1.519911e-01 6.973860e-02
1.417474e-01 6.796484e-02
1.321941e-01 6.600575e-02
1.232847e-01 6.497740e-02
1.149757e-01 6.367722e-02
1.072267e-01 6.425730e-02
1.000000e-01 6.554121e-02
9.326033e-02 6.742028e-02
8.697490e-02 6.849608e-02
8.111308e-02 7.299897e-02
7.564633e-02 7.631204e-02
7.054802e-02 8.121394e-02
6.579332e-02 8.626234e-02
6.135907e-02 9.254617e-02
5.722368e-02 1.008778e-01
5.336699e-02 1.083928e-01
4.977024e-02 1.159818e-01
4.641589e-02 1.233173e-01
4.328761e-02 1.325381e-01
4.037017e-02 1.396514e-01
3.764936e-02 1.501857e-01
3.511192e-02 1.497389e-01
3.274549e-02 1.622476e-01
3.053856e-02 1.654807e-01
2.848036e-02 1.671607e-01
2.656088e-02 1.660672e-01
2.477076e-02 1.679912e-01
2.310130e-02 1.688544e-01
2.154435e-02 1.637807e-01
2.009233e-02 1.619608e-01
1.873817e-02 1.594769e-01
1.747528e-02 1.650264e-01
1.629751e-02 1.672269e-01
1.519911e-02 1.614517e-01
1.417474e-02 1.596310e-01
1.321941e-02 1.590183e-01
1.232847e-02 1.579115e-01
1.149757e-02 1.464659e-01
1.072267e-02 1.421898e-01
1.000000e-02 1.348180e-01
