1.000000e+01 1.596332e-03
9.326033e+00 1.833919e-03
8.697490e+00 2.106615e-03
8.111308e+00 2.419525e-03
7.564633e+00 2.778475e-03
7.054802e+00 3.190098e-03
6.579332e+00 3.661937e-03
6.135907e+00 4.202558e-03
5.722368e+00 4.821669e-03
5.336699e+00 5.530244e-03
4.977024e+00 6.340658e-03
4.641589e+00 7.266824e-03
4.328761e+00 8.324318e-03
4.037017e+00 9.530530e-03
3.764936e+00 1.090474e-02
3.511192e+00 1.246825e-02
3.274549e+00 1.424433e-02
3.053856e+00 1.625836e-02
2.848036e+00 1.853749e-02
2.656088e+00 2.111060e-02
2.477076e+00 2.400807e-02
2.310130e+00 2.726077e-02
2.154435e+00 3.089946e-02
2.009233e+00 3.495370e-02
1.873817e+00 3.945071e-02
1.747528e+00 4.441356e-02
1.629751e+00 4.985682e-02
1.519911e+00 5.578820e-02
1.417474e+00 6.220383e-02
1.321941e+00 6.907790e-02
1.232847e+00 7.638253e-02
1.149757e+00 8.403900e-02
1.072267e+00 9.198035e-02
1.000000e+00 1.000837e-01
9.326033e-01 1.082144e-01
8.697490e-01 1.162229e-01
8.111308e-01 1.239007e-01
7.564633e-01 1.310498e-01
7.054802e-01 1.375361e-01
6.579332e-01 1.430901e-01
6.135907e-01 1.474624e-01
5.722368e-01 1.507771e-01
5.336699e-01 1.526648e-01
4.977024e-01 1.531508e-01
4.641589e-01 1.522295e-01
4.328761e-01 1.500457e-01
4.037017e-01 1.465323e-01
3.764936e-01 1.419083e-01
3.511192e-01 1.368027e-01
3.274549e-01 1.303687e-01
3.053856e-01 1.238670e-01
2.848036e-01 1.171829e-01
2.656088e-01 1.102759e-01
2.477076e-01 1.036423e-01
2.310130e-01 9.745852e-02
2.154435e-01 9.148966e-02
2.009233e-01 8.589222e-02
1.873817e-01 8.129645e-02
1.747528e-01 7.669434e-02
1.629751e-01 7.314401e-02
1.519911e-01 7.014556e-02
1.417474e-01 6.758181e-02
1.321941e-01 6.559008e-02
1.232847e-01 6.467366e-02
1.149757e-01 6.404866e-02
1.072267e-01 6.395062e-02
1.000000e-01 6.521600e-02
9.326033e-02 6.716619e-02
8.697490e-02 6.967527e-02
8.111308e-02 7.363187e-02
7.564633e-02 7.635947e-02
7.054802e-02 8.055519e-02
6.579332e-02 8.729840e-02
6.135907e-02 9.238130e-02
5.722368e-02 9.970912e-02
5.336699e-02 1.079647e-01
4.977024e-02 1.148452e-01
4.641589e-02 1.225923e-01
4.328761e-02 1.331014e-01
4.037017e-02 1.380665e-01
3.764936e-02 1.483232e-01
3.511192e-02 1.542237e-01
3.274549e-02 1.581197e-01
3.053856e-02 1.652474e-01
2.848036e-02 1.687912e-01
2.656088e-02 1.656598e-01
2.477076e-02 1.679173e-01
2.310130e-02 1.698746e-01
2.154435e-02 1.724791e-01
2.009233e-02 1.721203e-01
1.873817e-02 1.645584e-01
1.747528e-02 1.699642e-01
1.629751e-02 1.655714e-01
1.519911e-02 1.684552e-01
1.417474e-02 1.609181e-01
1.321941e-02 1.560784e-01
1.232847e-02 1.525247e-01
1.149757e-02 1.462447e-01
1.072267e-02 1.407814e-01
1.000000e-02 1.340450e-01
