1.000000e+01 1.596332e-03
9.326033e+00 1.833919e-03
8.697490e+00 2.106615e-03
8.111308e+00 2.419525e-03
7.564633e+00 2.778475e-03
7.054802e+00 3.190098e-03
6.579332e+00 3.661937e-03
6.135907e+00 4.202559e-03
5.722368e+00 4.821669e-03
5.336699e+00 5.530244e-03
4.977024e+00 6.340657e-03
4.641589e+00 7.266820e-03
4.328761e+00 8.324316e-03
4.037017e+00 9.530534e-03
3.764936e+00 1.090474e-02
3.511192e+00 1.246824e-02
3.274549e+00 1.424432e-02
3.053856e+00 1.625832e-02
2.848036e+00 1.853749e-02
2.656088e+00 2.111060e-02
2.477076e+00 2.400807e-02
2.310130e+00 2.726076e-02
2.154435e+00 3.089929e-02
2.009233e+00 3.495363e-02
1.873817e+00 3.945098e-02
1.747528e+00 4.441373e-02
1.629751e+00 4.985698e-02
1.519911e+00 5.578886e-02
1.417474e+00 6.220188e-02
1.321941e+00 6.907988e-02
1.232847e+00 7.637943e-02
1.149757e+00 8.404032e-02
1.072267e+00 9.197558e-02
1.000000e+00 1.000832e-01
9.326033e-01 1.082211e-01
8.697490e-01 1.162036e-01
8.111308e-01 1.238821e-01
7.564633e-01 1.310484e-01
7.054802e-01 1.375491e-01
6.579332e-01 1.430834e-01
6.135907e-01 1.475278e-01
5.722368e-01 1.507934e-01
5.336699e-01 1.526254e-01
4.977024e-01 1.532079e-01
4.641589e-01 1.522501e-01
4.328761e-01 1.500021e-01
4.037017e-01 1.464787e-01
3.764936e-01 1.416936e-01
3.511192e-01 1.365703e-01
3.274549e-01 1.304283e-01
3.053856e-01 1.238589e-01
2.848036e-01 1.171909e-01
2.656088e-01 1.103900e-01
2.477076e-01 1.035821e-01
2.310130e-01 9.729539e-02
2.154435e-01 9.141361e-02
2.009233e-01 8.586218e-02
1.873817e-01 8.110227e-02
1.747528e-01 7.689242e-02
1.629751e-01 7.315648e-02
1.519911e-01 7.001956e-02
1.417474e-01 6.729409e-02
1.321941e-01 6.510514e-02
1.232847e-01 6.413080e-02
1.149757e-01 6.420853e-02
1.072267e-01 6.432637e-02
1.000000e-01 6.594666e-02
9.326033e-02 6.638679e-02
8.697490e-02 6.840478e-02
8.111308e-02 7.318732e-02
7.564633e-02 7.751169e-02
7.054802e-02 8.102434e-02
6.579332e-02 8.673810e-02
6.135907e-02 9.512287e-02
5.722368e-02 1.000073e-01
5.336699e-02 1.070319e-01
4.977024e-02 1.143289e-01
4.641589e-02 1.257930e-01
4.328761e-02 1.340302e-01
4.037017e-02 1.406245e-01
3.764936e-02 1.458738e-01
3.511192e-02 1.533795e-01
3.274549e-02 1.623772e-01
3.053856e-02 1.582718e-01
2.848036e-02 1.625314e-01
2.656088e-02 1.639007e-01
2.477076e-02 1.674856e-01
2.310130e-02 1.685172e-01
2.154435e-02 1.760215e-01
2.009233e-02 1.678952e-01
1.873817e-02 1.619031e-01
1.747528e-02 1.659083e-01
1.629751e-02 1.659905e-01
1.519911e-02 1.618503e-01
1.417474e-02 1.613994e-01
1.321941e-02 1.589957e-01
1.232847e-02 1.497304e-01
1.149757e-02 1.468409e-01
1.072267e-02 1.438719e-01
1.000000e-02 1.356416e-01
