10.000000 0.001596 0.000000
9.326033 0.001834 0.000000
8.697490 0.002107 0.000000
8.111308 0.002420 -0.000000
7.564633 0.002778 0.000000
7.054802 0.003190 0.000000
6.579332 0.003662 0.000000
6.135907 0.004203 0.000000
5.722368 0.004822 0.000000
5.336699 0.005530 0.000000
4.977024 0.006341 0.000000
4.641589 0.007267 0.000000
4.328761 0.008324 0.000000
4.037017 0.009531 0.000000
3.764936 0.010905 0.000000
3.511192 0.012468 0.000000
3.274549 0.014244 0.000000
3.053856 0.016258 0.000000
2.848036 0.018537 0.000000
2.656088 0.021111 0.000000
2.477076 0.024008 0.000000
2.310130 0.027261 0.000000
2.154435 0.030899 0.000000
2.009233 0.034954 0.000000
1.873817 0.039451 0.000000
1.747528 0.044413 0.000000
1.629751 0.049857 0.000000
1.519911 0.055789 0.000000
1.417474 0.062203 0.000000
1.321941 0.069080 0.000000
1.232847 0.076380 0.000000
1.149757 0.084042 0.000001
1.072267 0.091980 0.000001
1.000000 0.100085 0.000001
0.932603 0.108214 0.000001
0.869749 0.116213 0.000003
0.811131 0.123893 0.000003
0.756463 0.131060 0.000003
0.705480 0.137526 0.000006
0.657933 0.143072 0.000007
0.613591 0.147549 0.000010
0.572237 0.150769 0.000011
0.533670 0.152660 0.000015
0.497702 0.153190 0.000013
0.464159 0.152240 0.000014
0.432876 0.149995 0.000015
0.403702 0.146531 0.000013
0.376494 0.141958 0.000027
0.351119 0.136534 0.000029
0.327455 0.130428 0.000019
0.305386 0.123900 0.000029
0.284804 0.117131 0.000029
0.265609 0.110303 0.000020
0.247708 0.103676 0.000026
0.231013 0.097388 0.000025
0.215444 0.091423 0.000033
0.200923 0.086017 0.000033
0.187382 0.081140 0.000037
0.174753 0.076814 0.000025
0.162975 0.073121 0.000045
0.151991 0.069985 0.000054
0.141747 0.067516 0.000048
0.132194 0.065588 0.000066
0.123285 0.064698 0.000070
0.114976 0.063985 0.000103
0.107227 0.064192 0.000105
0.100000 0.065165 0.000113
0.093260 0.066731 0.000114
0.086975 0.069017 0.000118
0.081113 0.072412 0.000161
0.075646 0.076406 0.000191
0.070548 0.081199 0.000200
0.065793 0.086615 0.000219
0.061359 0.093080 0.000254
0.057224 0.100528 0.000200
0.053367 0.108101 0.000329
0.049770 0.115891 0.000271
0.046416 0.124344 0.000433
0.043288 0.131684 0.000425
0.040370 0.140092 0.000406
0.037649 0.146913 0.000486
0.035112 0.153642 0.000493
0.032745 0.158852 0.000600
0.030539 0.162577 0.000812
0.028480 0.166684 0.000660
0.026561 0.167492 0.000826
0.024771 0.168450 0.000422
0.023101 0.168944 0.000539
0.021544 0.169663 0.001117
0.020092 0.166383 0.000878
0.018738 0.165581 0.001058
0.017475 0.166127 0.000809
0.016298 0.163919 0.000696
0.015199 0.161871 0.000698
0.014175 0.159390 0.000823
0.013219 0.156853 0.000711
0.012328 0.154493 0.000630
0.011498 0.147639 0.001045
0.010723 0.141656 0.000859
0.010000 0.134012 0.000996
