1.000000e+01 1.596332e-03
9.326033e+00 1.833919e-03
8.697490e+00 2.106615e-03
8.111308e+00 2.419525e-03
7.564633e+00 2.778475e-03
7.054802e+00 3.190097e-03
6.579332e+00 3.661937e-03
6.135907e+00 4.202559e-03
5.722368e+00 4.821670e-03
5.336699e+00 5.530245e-03
4.977024e+00 6.340658e-03
4.641589e+00 7.266824e-03
4.328761e+00 8.324319e-03
4.037017e+00 9.530530e-03
3.764936e+00 1.090475e-02
3.511192e+00 1.246823e-02
3.274549e+00 1.424434e-02
3.053856e+00 1.625834e-02
2.848036e+00 1.853744e-02
2.656088e+00 2.111062e-02
2.477076e+00 2.400813e-02
2.310130e+00 2.726065e-02
2.154435e+00 3.089919e-02
2.009233e+00 3.495369e-02
1.873817e+00 3.945103e-02
1.747528e+00 4.441290e-02
1.629751e+00 4.985706e-02
1.519911e+00 5.578845e-02
1.417474e+00 6.220258e-02
1.321941e+00 6.908243e-02
1.232847e+00 7.637951e-02
1.149757e+00 8.404280e-02
1.072267e+00 9.198018e-02
1.000000e+00 1.000902e-01
9.326033e-01 1.082163e-01
8.697490e-01 1.162239e-01
8.111308e-01 1.238969e-01
7.564633e-01 1.310418e-01
7.054802e-01 1.375150e-01
6.579332e-01 1.430751e-01
6.135907e-01 1.475324e-01
5.722368e-01 1.508539e-01
5.336699e-01 1.526353e-01
4.977024e-01 1.531171e-01
4.641589e-01 1.521832e-01
4.328761e-01 1.499328e-01
4.037017e-01 1.465438e-01
3.764936e-01 1.419123e-01
3.511192e-01 1.365318e-01
3.274549e-01 1.304003e-01
3.053856e-01 1.239134e-01
2.848036e-01 1.168608e-01
2.656088e-01 1.103394e-01
2.477076e-01 1.036755e-01
2.310130e-01 9.725248e-02
2.154435e-01 9.159844e-02
2.009233e-01 8.602184e-02
1.873817e-01 8.117206e-02
1.747528e-01 7.680114e-02
1.629751e-01 7.270231e-02
1.519911e-01 7.005513e-02
1.417474e-01 6.767353e-02
1.321941e-01 6.540722e-02
1.232847e-01 6.500538e-02
1.149757e-01 6.449521e-02
1.072267e-01 6.422201e-02
1.000000e-01 6.478185e-02
9.326033e-02 6.621338e-02
8.697490e-02 6.932538e-02
8.111308e-02 7.339034e-02
7.564633e-02 7.727193e-02
7.054802e-02 8.024347e-02
6.579332e-02 8.723211e-02
6.135907e-02 9.183117e-02
5.722368e-02 1.003802e-01
5.336699e-02 1.080359e-01
4.977024e-02 1.168844e-01
4.641589e-02 1.222640e-01
4.328761e-02 1.290196e-01
4.037017e-02 1.419968e-01
3.764936e-02 1.467708e-01
3.511192e-02 1.566621e-01
3.274549e-02 1.609958e-01
3.053856e-02 1.594018e-01
2.848036e-02 1.670841e-01
2.656088e-02 1.689691e-01
2.477076e-02 1.722030e-01
2.310130e-02 1.701082e-01
2.154435e-02 1.650760e-01
2.009233e-02 1.609527e-01
1.873817e-02 1.610107e-01
1.747528e-02 1.647984e-01
1.629751e-02 1.626393e-01
1.519911e-02 1.595329e-01
1.417474e-02 1.547689e-01
1.321941e-02 1.542577e-01
1.232847e-02 1.539847e-01
1.149757e-02 1.483066e-01
1.072267e-02 1.432807e-01
1.000000e-02 1.307667e-01
