1.000000e+01 1.596332e-03
9.326033e+00 1.833919e-03
8.697490e+00 2.106615e-03
8.111308e+00 2.419525e-03
7.564633e+00 2.778475e-03
7.054802e+00 3.190098e-03
6.579332e+00 3.661936e-03
6.135907e+00 4.202558e-03
5.722368e+00 4.821670e-03
5.336699e+00 5.530245e-03
4.977024e+00 6.340657e-03
4.641589e+00 7.266822e-03
4.328761e+00 8.324317e-03
4.037017e+00 9.530527e-03
3.764936e+00 1.090474e-02
3.511192e+00 1.246823e-02
3.274549e+00 1.424435e-02
3.053856e+00 1.625832e-02
2.848036e+00 1.853748e-02
2.656088e+00 2.111056e-02
2.477076e+00 2.400813e-02
2.310130e+00 2.726070e-02
2.154435e+00 3.089929e-02
2.009233e+00 3.495377e-02
1.873817e+00 3.945100e-02
1.747528e+00 4.441274e-02
1.629751e+00 4.985697e-02
1.519911e+00 5.578890e-02
1.417474e+00 6.220540e-02
1.321941e+00 6.907880e-02
1.232847e+00 7.638108e-02
1.149757e+00 8.404690e-02
1.072267e+00 9.198133e-02
1.000000e+00 1.000873e-01
9.326033e-01 1.082260e-01
8.697490e-01 1.162083e-01
8.111308e-01 1.238856e-01
7.564633e-01 1.310752e-01
7.054802e-01 1.374638e-01
6.579332e-01 1.430843e-01
6.135907e-01 1.476082e-01
5.722368e-01 1.507520e-01
5.336699e-01 1.526377e-01
4.977024e-01 1.532283e-01
4.641589e-01 1.522634e-01
4.328761e-01 1.499792e-01
4.037017e-01 1.465890e-01
3.764936e-01 1.420441e-01
3.511192e-01 1.365149e-01
3.274549e-01 1.303385e-01
3.053856e-01 1.240810e-01
2.848036e-01 1.170403e-01
2.656088e-01 1.103023e-01
2.477076e-01 1.035640e-01
2.310130e-01 9.740399e-02
2.154435e-01 9.137518e-02
2.009233e-01 8.629956e-02
1.873817e-01 8.101433e-02
1.747528e-01 7.701698e-02
1.629751e-01 7.310039e-02
1.519911e-01 6.983008e-02
1.417474e-01 6.707882e-02
1.321941e-01 6.561357e-02
1.232847e-01 6.446817e-02
1.149757e-01 6.372435e-02
1.072267e-01 6.443716e-02
1.000000e-01 6.435384e-02
9.326033e-02 6.691059e-02
8.697490e-02 6.923150e-02
8.111308e-02 7.182391e-02
7.564633e-02 7.658763e-02
7.054802e-02 8.213874e-02
6.579332e-02 8.726025e-02
6.135907e-02 9.471964e-02
5.722368e-02 1.001144e-01
5.336699e-02 1.089158e-01
4.977024e-02 1.143538e-01
4.641589e-02 1.223062e-01
4.328761e-02 1.315694e-01
4.037017e-02 1.419012e-01
3.764936e-02 1.442755e-01
3.511192e-02 1.521414e-01
3.274549e-02 1.544862e-01
3.053856e-02 1.635798e-01
2.848036e-02 1.670713e-01
2.656088e-02 1.713763e-01
2.477076e-02 1.699665e-01
2.310130e-02 1.671957e-01
2.154435e-02 1.754424e-01
2.009233e-02 1.659860e-01
1.873817e-02 1.684920e-01
1.747528e-02 1.639443e-01
1.629751e-02 1.677067e-01
1.519911e-02 1.610584e-01
1.417474e-02 1.628832e-01
1.321941e-02 1.548427e-01
1.232847e-02 1.564988e-01
1.149757e-02 1.507551e-01
1.072267e-02 1.405988e-01
1.000000e-02 1.335862e-01
