1.000000e+01 1.596332e-03
9.326033e+00 1.833919e-03
8.697490e+00 2.106615e-03
8.111308e+00 2.419525e-03
7.564633e+00 2.778475e-03
7.054802e+00 3.190098e-03
6.579332e+00 3.661937e-03
6.135907e+00 4.202558e-03
5.722368e+00 4.821669e-03
5.336699e+00 5.530244e-03
4.977024e+00 6.340658e-03
4.641589e+00 7.266823e-03
4.328761e+00 8.324322e-03
4.037017e+00 9.530527e-03
3.764936e+00 1.090475e-02
3.511192e+00 1.246823e-02
3.274549e+00 1.424433e-02
3.053856e+00 1.625833e-02
2.848036e+00 1.853748e-02
2.656088e+00 2.111066e-02
2.477076e+00 2.400811e-02
2.310130e+00 2.726072e-02
2.154435e+00 3.089916e-02
2.009233e+00 3.495356e-02
1.873817e+00 3.945063e-02
1.747528e+00 4.441343e-02
1.629751e+00 4.985676e-02
1.519911e+00 5.578954e-02
1.417474e+00 6.220254e-02
1.321941e+00 6.907976e-02
1.232847e+00 7.637994e-02
1.149757e+00 8.404520e-02
1.072267e+00 9.198009e-02
1.000000e+00 1.000864e-01
9.326033e-01 1.082119e-01
8.697490e-01 1.162066e-01
8.111308e-01 1.239177e-01
7.564633e-01 1.310798e-01
7.054802e-01 1.375331e-01
6.579332e-01 1.430489e-01
6.135907e-01 1.475577e-01
5.722368e-01 1.508025e-01
5.336699e-01 1.527091e-01
4.977024e-01 1.531826e-01
4.641589e-01 1.523115e-01
4.328761e-01 1.499808e-01
4.037017e-01 1.466436e-01
3.764936e-01 1.419488e-01
3.511192e-01 1.363878e-01
3.274549e-01 1.305322e-01
3.053856e-01 1.237784e-01
2.848036e-01 1.169562e-01
2.656088e-01 1.103055e-01
2.477076e-01 1.037496e-01
2.310130e-01 9.745508e-02
2.154435e-01 9.130079e-02
2.009233e-01 8.593527e-02
1.873817e-01 8.123705e-02
1.747528e-01 7.677474e-02
1.629751e-01 7.297490e-02
1.519911e-01 6.966702e-02
1.417474e-01 6.736655e-02
1.321941e-01 6.559539e-02
1.232847e-01 6.466370e-02
1.149757e-01 6.295600e-02
1.072267e-01 6.404127e-02
1.000000e-01 6.556895e-02
9.326033e-02 6.701701e-02
8.697490e-02 6.957836e-02
8.111308e-02 7.191829e-02
7.564633e-02 7.701464e-02
7.054802e-02 8.055132e-02
6.579332e-02 8.733982e-02
6.135907e-02 9.333325e-02
5.722368e-02 1.012842e-01
5.336699e-02 1.068889e-01
4.977024e-02 1.154515e-01
4.641589e-02 1.268921e-01
4.328761e-02 1.320733e-01
4.037017e-02 1.373456e-01
3.764936e-02 1.489217e-01
3.511192e-02 1.515303e-01
3.274549e-02 1.580208e-01
3.053856e-02 1.620982e-01
2.848036e-02 1.673042e-01
2.656088e-02 1.723920e-01
2.477076e-02 1.660162e-01
2.310130e-02 1.747931e-01
2.154435e-02 1.714484e-01
2.009233e-02 1.684193e-01
1.873817e-02 1.655621e-01
1.747528e-02 1.643255e-01
1.629751e-02 1.610643e-01
1.519911e-02 1.592090e-01
1.417474e-02 1.605293e-01
1.321941e-02 1.584833e-01
1.232847e-02 1.526310e-01
1.149757e-02 1.440800e-01
1.072267e-02 1.402676e-01
1.000000e-02 1.334162e-01
