1.000000e+01 1.596332e-03
9.326033e+00 1.833919e-03
8.697490e+00 2.106615e-03
8.111308e+00 2.419525e-03
7.564633e+00 2.778475e-03
7.054802e+00 3.190098e-03
6.579332e+00 3.661937e-03
6.135907e+00 4.202559e-03
5.722368e+00 4.821670e-03
5.336699e+00 5.530246e-03
4.977024e+00 6.340658e-03
4.641589e+00 7.266822e-03
4.328761e+00 8.324316e-03
4.037017e+00 9.530529e-03
3.764936e+00 1.090475e-02
3.511192e+00 1.246823e-02
3.274549e+00 1.424432e-02
3.053856e+00 1.625832e-02
2.848036e+00 1.853746e-02
2.656088e+00 2.111064e-02
2.477076e+00 2.400811e-02
2.310130e+00 2.726063e-02
2.154435e+00 3.089924e-02
2.009233e+00 3.495311e-02
1.873817e+00 3.945052e-02
1.747528e+00 4.441339e-02
1.629751e+00 4.985668e-02
1.519911e+00 5.578891e-02
1.417474e+00 6.220283e-02
1.321941e+00 6.908250e-02
1.232847e+00 7.637760e-02
1.149757e+00 8.404356e-02
1.072267e+00 9.198105e-02
1.000000e+00 1.000770e-01
9.326033e-01 1.082108e-01
8.697490e-01 1.162275e-01
8.111308e-01 1.238806e-01
7.564633e-01 1.310542e-01
7.054802e-01 1.375346e-01
6.579332e-01 1.431158e-01
6.135907e-01 1.475793e-01
5.722368e-01 1.507404e-01
5.336699e-01 1.527419e-01
4.977024e-01 1.532125e-01
4.641589e-01 1.522405e-01
4.328761e-01 1.501318e-01
4.037017e-01 1.465272e-01
3.764936e-01 1.420554e-01
3.511192e-01 1.366233e-01
3.274549e-01 1.304391e-01
3.053856e-01 1.238771e-01
2.848036e-01 1.171891e-01
2.656088e-01 1.102397e-01
2.477076e-01 1.037748e-01
2.310130e-01 9.731144e-02
2.154435e-01 9.141389e-02
2.009233e-01 8.598439e-02
1.873817e-01 8.123912e-02
1.747528e-01 7.690600e-02
1.629751e-01 7.313944e-02
1.519911e-01 7.021921e-02
1.417474e-01 6.766741e-02
1.321941e-01 6.589929e-02
1.232847e-01 6.474570e-02
1.149757e-01 6.383591e-02
1.072267e-01 6.358863e-02
1.000000e-01 6.476390e-02
9.326033e-02 6.753524e-02
8.697490e-02 6.849879e-02
8.111308e-02 7.243890e-02
7.564633e-02 7.551712e-02
7.054802e-02 8.211686e-02
6.579332e-02 8.721352e-02
6.135907e-02 9.365104e-02
5.722368e-02 1.009066e-01
5.336699e-02 1.060156e-01
4.977024e-02 1.168720e-01
4.641589e-02 1.248315e-01
4.328761e-02 1.316304e-01
4.037017e-02 1.383845e-01
3.764936e-02 1.470417e-01
3.511192e-02 1.539273e-01
3.274549e-02 1.598672e-01
3.053856e-02 1.641919e-01
2.848036e-02 1.679556e-01
2.656088e-02 1.636890e-01
2.477076e-02 1.698803e-01
2.310130e-02 1.679664e-01
2.154435e-02 1.648408e-01
2.009233e-02 1.673974e-01
1.873817e-02 1.710235e-01
1.747528e-02 1.615383e-01
1.629751e-02 1.670368e-01
1.519911e-02 1.595803e-01
1.417474e-02 1.581812e-01
1.321941e-02 1.551923e-01
1.232847e-02 1.535911e-01
1.149757e-02 1.462096e-01
1.072267e-02 1.449863e-01
1.000000e-02 1.309328e-01
