1.000000e+01 1.596332e-03
9.326033e+00 1.833919e-03
8.697490e+00 2.106615e-03
8.111308e+00 2.419525e-03
7.564633e+00 2.778475e-03
7.054802e+00 3.190097e-03
6.579332e+00 3.661937e-03
6.135907e+00 4.202558e-03
5.722368e+00 4.821669e-03
5.336699e+00 5.530244e-03
4.977024e+00 6.340658e-03
4.641589e+00 7.266822e-03
4.328761e+00 8.324320e-03
4.037017e+00 9.530529e-03
3.764936e+00 1.090475e-02
3.511192e+00 1.246823e-02
3.274549e+00 1.424431e-02
3.053856e+00 1.625834e-02
2.848036e+00 1.853750e-02
2.656088e+00 2.111061e-02
2.477076e+00 2.400812e-02
2.310130e+00 2.726062e-02
2.154435e+00 3.089953e-02
2.009233e+00 3.495381e-02
1.873817e+00 3.945044e-02
1.747528e+00 4.441356e-02
1.629751e+00 4.985686e-02
1.519911e+00 5.578833e-02
1.417474e+00 6.220393e-02
1.321941e+00 6.908051e-02
1.232847e+00 7.637878e-02
1.149757e+00 8.403501e-02
1.072267e+00 9.197601e-02
1.000000e+00 1.000899e-01
9.326033e-01 1.082250e-01
8.697490e-01 1.162240e-01
8.111308e-01 1.238946e-01
7.564633e-01 1.310580e-01
7.054802e-01 1.375349e-01
6.579332e-01 1.430658e-01
6.135907e-01 1.475247e-01
5.722368e-01 1.507818e-01
5.336699e-01 1.526940e-01
4.977024e-01 1.532413e-01
4.641589e-01 1.521529e-01
4.328761e-01 1.500192e-01
4.037017e-01 1.464899e-01
3.764936e-01 1.418862e-01
3.511192e-01 1.366131e-01
3.274549e-01 1.304156e-01
3.053856e-01 1.240776e-01
2.848036e-01 1.170782e-01
2.656088e-01 1.104353e-01
2.477076e-01 1.038559e-01
2.310130e-01 9.731689e-02
2.154435e-01 9.143762e-02
2.009233e-01 8.622708e-02
1.873817e-01 8.114674e-02
1.747528e-01 7.680337e-02
1.629751e-01 7.313970e-02
1.519911e-01 7.022401e-02
1.417474e-01 6.752340e-02
1.321941e-01 6.515484e-02
1.232847e-01 6.465760e-02
1.149757e-01 6.370377e-02
1.072267e-01 6.456934e-02
1.000000e-01 6.507442e-02
9.326033e-02 6.711192e-02
8.697490e-02 6.974376e-02
8.111308e-02 7.175231e-02
7.564633e-02 7.686864e-02
7.054802e-02 8.140193e-02
6.579332e-02 8.700333e-02
6.135907e-02 9.229242e-02
5.722368e-02 1.001755e-01
5.336699e-02 1.086508e-01
4.977024e-02 1.167837e-01
4.641589e-02 1.252691e-01
4.328761e-02 1.302531e-01
4.037017e-02 1.403566e-01
3.764936e-02 1.464389e-01
3.511192e-02 1.551496e-01
3.274549e-02 1.590033e-01
3.053856e-02 1.582561e-01
2.848036e-02 1.607892e-01
2.656088e-02 1.670157e-01
2.477076e-02 1.690439e-01
2.310130e-02 1.706172e-01
2.154435e-02 1.731593e-01
2.009233e-02 1.718622e-01
1.873817e-02 1.692036e-01
1.747528e-02 1.687700e-01
1.629751e-02 1.649431e-01
1.519911e-02 1.635124e-01
1.417474e-02 1.592920e-01
1.321941e-02 1.537209e-01
1.232847e-02 1.516301e-01
1.149757e-02 1.417226e-01
1.072267e-02 1.396025e-01
1.000000e-02 1.360905e-01
