1.000000e+01 1.596332e-03
9.326033e+00 1.833919e-03
8.697490e+00 2.106615e-03
8.111308e+00 2.419525e-03
7.564633e+00 2.778475e-03
7.054802e+00 3.190098e-03
6.579332e+00 3.661937e-03
6.135907e+00 4.202559e-03
5.722368e+00 4.821669e-03
5.336699e+00 5.530245e-03
4.977024e+00 6.340659e-03
4.641589e+00 7.266823e-03
4.328761e+00 8.324319e-03
4.037017e+00 9.530529e-03
3.764936e+00 1.090474e-02
3.511192e+00 1.246823e-02
3.274549e+00 1.424433e-02
3.053856e+00 1.625834e-02
2.848036e+00 1.853746e-02
2.656088e+00 2.111065e-02
2.477076e+00 2.400806e-02
2.310130e+00 2.726068e-02
2.154435e+00 3.089927e-02
2.009233e+00 3.495354e-02
1.873817e+00 3.945100e-02
1.747528e+00 4.441288e-02
1.629751e+00 4.985666e-02
1.519911e+00 5.578719e-02
1.417474e+00 6.220300e-02
1.321941e+00 6.907947e-02
1.232847e+00 7.637845e-02
1.149757e+00 8.404304e-02
1.072267e+00 9.197508e-02
1.000000e+00 1.000856e-01
9.326033e-01 1.082048e-01
8.697490e-01 1.161833e-01
8.111308e-01 1.239053e-01
7.564633e-01 1.310639e-01
7.054802e-01 1.375354e-01
6.579332e-01 1.430917e-01
6.135907e-01 1.475065e-01
5.722368e-01 1.508557e-01
5.336699e-01 1.526387e-01
4.977024e-01 1.532636e-01
4.641589e-01 1.521692e-01
4.328761e-01 1.499967e-01
4.037017e-01 1.465654e-01
3.764936e-01 1.420174e-01
3.511192e-01 1.363653e-01
3.274549e-01 1.302827e-01
3.053856e-01 1.237644e-01
2.848036e-01 1.172048e-01
2.656088e-01 1.103364e-01
2.477076e-01 1.037964e-01
2.310130e-01 9.739496e-02
2.154435e-01 9.116077e-02
2.009233e-01 8.590899e-02
1.873817e-01 8.076817e-02
1.747528e-01 7.668954e-02
1.629751e-01 7.317017e-02
1.519911e-01 6.986463e-02
1.417474e-01 6.747948e-02
1.321941e-01 6.539962e-02
1.232847e-01 6.453651e-02
1.149757e-01 6.383717e-02
1.072267e-01 6.433404e-02
1.000000e-01 6.550760e-02
9.326033e-02 6.600309e-02
8.697490e-02 6.881986e-02
8.111308e-02 7.214211e-02
7.564633e-02 7.738072e-02
7.054802e-02 8.223913e-02
6.579332e-02 8.417743e-02
6.135907e-02 9.187247e-02
5.722368e-02 1.007314e-01
5.336699e-02 1.070693e-01
4.977024e-02 1.136124e-01
4.641589e-02 1.268452e-01
4.328761e-02 1.290071e-01
4.037017e-02 1.411493e-01
3.764936e-02 1.489909e-01
3.511192e-02 1.529934e-01
3.274549e-02 1.590163e-01
3.053856e-02 1.661423e-01
2.848036e-02 1.674232e-01
2.656088e-02 1.719284e-01
2.477076e-02 1.683400e-01
2.310130e-02 1.691345e-01
2.154435e-02 1.707039e-01
2.009233e-02 1.642022e-01
1.873817e-02 1.657830e-01
1.747528e-02 1.691737e-01
1.629751e-02 1.598945e-01
1.519911e-02 1.577305e-01
1.417474e-02 1.537009e-01
1.321941e-02 1.557374e-01
1.232847e-02 1.553925e-01
1.149757e-02 1.490645e-01
1.072267e-02 1.410374e-01
1.000000e-02 1.322030e-01
