1.000000e+01 1.596332e-03
9.326033e+00 1.833919e-03
8.697490e+00 2.106615e-03
8.111308e+00 2.419525e-03
7.564633e+00 2.778475e-03
7.054802e+00 3.190097e-03
6.579332e+00 3.661937e-03
6.135907e+00 4.202558e-03
5.722368e+00 4.821670e-03
5.336699e+00 5.530245e-03
4.977024e+00 6.340659e-03
4.641589e+00 7.266823e-03
4.328761e+00 8.324318e-03
4.037017e+00 9.530530e-03
3.764936e+00 1.090475e-02
3.511192e+00 1.246824e-02
3.274549e+00 1.424432e-02
3.053856e+00 1.625836e-02
2.848036e+00 1.853745e-02
2.656088e+00 2.111068e-02
2.477076e+00 2.400798e-02
2.310130e+00 2.726072e-02
2.154435e+00 3.089918e-02
2.009233e+00 3.495352e-02
1.873817e+00 3.945068e-02
1.747528e+00 4.441296e-02
1.629751e+00 4.985740e-02
1.519911e+00 5.578944e-02
1.417474e+00 6.220302e-02
1.321941e+00 6.907835e-02
1.232847e+00 7.638033e-02
1.149757e+00 8.404868e-02
1.072267e+00 9.197653e-02
1.000000e+00 1.000854e-01
9.326033e-01 1.082111e-01
8.697490e-01 1.161965e-01
8.111308e-01 1.239016e-01
7.564633e-01 1.310684e-01
7.054802e-01 1.375507e-01
6.579332e-01 1.430916e-01
6.135907e-01 1.475909e-01
5.722368e-01 1.506885e-01
5.336699e-01 1.527081e-01
4.977024e-01 1.531666e-01
4.641589e-01 1.523003e-01
4.328761e-01 1.500231e-01
4.037017e-01 1.465641e-01
3.764936e-01 1.420187e-01
3.511192e-01 1.364842e-01
3.274549e-01 1.304355e-01
3.053856e-01 1.239038e-01
2.848036e-01 1.171846e-01
2.656088e-01 1.103500e-01
2.477076e-01 1.036465e-01
2.310130e-01 9.750637e-02
2.154435e-01 9.148436e-02
2.009233e-01 8.589873e-02
1.873817e-01 8.112476e-02
1.747528e-01 7.684780e-02
1.629751e-01 7.334555e-02
1.519911e-01 6.997254e-02
1.417474e-01 6.743173e-02
1.321941e-01 6.557499e-02
1.232847e-01 6.459766e-02
1.149757e-01 6.461399e-02
1.072267e-01 6.315287e-02
1.000000e-01 6.471576e-02
9.326033e-02 6.635146e-02
8.697490e-02 6.959509e-02
8.111308e-02 7.245692e-02
7.564633e-02 7.642463e-02
7.054802e-02 8.180316e-02
6.579332e-02 8.527175e-02
6.135907e-02 9.226862e-02
5.722368e-02 1.013439e-01
5.336699e-02 1.108198e-01
4.977024e-02 1.160883e-01
4.641589e-02 1.242450e-01
4.328761e-02 1.303886e-01
4.037017e-02 1.403735e-01
3.764936e-02 1.485196e-01
3.511192e-02 1.545631e-01
3.274549e-02 1.562793e-01
3.053856e-02 1.626216e-01
2.848036e-02 1.638263e-01
2.656088e-02 1.653578e-01
2.477076e-02 1.687969e-01
2.310130e-02 1.680383e-01
2.154435e-02 1.620019e-01
2.009233e-02 1.688870e-01
1.873817e-02 1.652637e-01
1.747528e-02 1.637843e-01
1.629751e-02 1.622061e-01
1.519911e-02 1.595256e-01
1.417474e-02 1.533266e-01
1.321941e-02 1.522575e-01
1.232847e-02 1.531811e-01
1.149757e-02 1.395839e-01
1.072267e-02 1.346487e-01
1.000000e-02 1.284710e-01
