1.000000e+01 1.596332e-03
9.326033e+00 1.833919e-03
8.697490e+00 2.106615e-03
8.111308e+00 2.419525e-03
7.564633e+00 2.778475e-03
7.054802e+00 3.190098e-03
6.579332e+00 3.661937e-03
6.135907e+00 4.202559e-03
5.722368e+00 4.821669e-03
5.336699e+00 5.530244e-03
4.977024e+00 6.340659e-03
4.641589e+00 7.266822e-03
4.328761e+00 8.324317e-03
4.037017e+00 9.530526e-03
3.764936e+00 1.090474e-02
3.511192e+00 1.246824e-02
3.274549e+00 1.424431e-02
3.053856e+00 1.625835e-02
2.848036e+00 1.853752e-02
2.656088e+00 2.111062e-02
2.477076e+00 2.400808e-02
2.310130e+00 2.726069e-02
2.154435e+00 3.089946e-02
2.009233e+00 3.495361e-02
1.873817e+00 3.945059e-02
1.747528e+00 4.441318e-02
1.629751e+00 4.985699e-02
1.519911e+00 5.578876e-02
1.417474e+00 6.220161e-02
1.321941e+00 6.907863e-02
1.232847e+00 7.637918e-02
1.149757e+00 8.404603e-02
1.072267e+00 9.197921e-02
1.000000e+00 1.000791e-01
9.326033e-01 1.082084e-01
8.697490e-01 1.162154e-01
8.111308e-01 1.238925e-01
7.564633e-01 1.310392e-01
7.054802e-01 1.375096e-01
6.579332e-01 1.431042e-01
6.135907e-01 1.475630e-01
5.722368e-01 1.507444e-01
5.336699e-01 1.525344e-01
4.977024e-01 1.531939e-01
4.641589e-01 1.521431e-01
4.328761e-01 1.499916e-01
4.037017e-01 1.465371e-01
3.764936e-01 1.420726e-01
3.511192e-01 1.363371e-01
3.274549e-01 1.305319e-01
3.053856e-01 1.241188e-01
2.848036e-01 1.169774e-01
2.656088e-01 1.101780e-01
2.477076e-01 1.035892e-01
2.310130e-01 9.732610e-02
2.154435e-01 9.154075e-02
2.009233e-01 8.613467e-02
1.873817e-01 8.111405e-02
1.747528e-01 7.685186e-02
1.629751e-01 7.324006e-02
1.519911e-01 6.959059e-02
1.417474e-01 6.753870e-02
1.321941e-01 6.586168e-02
1.232847e-01 6.484483e-02
1.149757e-01 6.405762e-02
1.072267e-01 6.435090e-02
1.000000e-01 6.518368e-02
9.326033e-02 6.644348e-02
8.697490e-02 6.858323e-02
8.111308e-02 7.149183e-02
7.564633e-02 7.565625e-02
7.054802e-02 8.034440e-02
6.579332e-02 8.645739e-02
6.135907e-02 9.427721e-02
5.722368e-02 1.004977e-01
5.336699e-02 1.067510e-01
4.977024e-02 1.163952e-01
4.641589e-02 1.256785e-01
4.328761e-02 1.323735e-01
4.037017e-02 1.436920e-01
3.764936e-02 1.459537e-01
3.511192e-02 1.545682e-01
3.274549e-02 1.608518e-01
3.053856e-02 1.625262e-01
2.848036e-02 1.665282e-01
2.656088e-02 1.637738e-01
2.477076e-02 1.655136e-01
2.310130e-02 1.689136e-01
2.154435e-02 1.728569e-01
2.009233e-02 1.667544e-01
1.873817e-02 1.754481e-01
1.747528e-02 1.661601e-01
1.629751e-02 1.620044e-01
1.519911e-02 1.652974e-01
1.417474e-02 1.622158e-01
1.321941e-02 1.588735e-01
1.232847e-02 1.564526e-01
1.149757e-02 1.493586e-01
1.072267e-02 1.445069e-01
1.000000e-02 1.368267e-01
