1.000000e+01 1.596332e-03
9.326033e+00 1.833919e-03
8.697490e+00 2.106615e-03
8.111308e+00 2.419525e-03
7.564633e+00 2.778475e-03
7.054802e+00 3.190097e-03
6.579332e+00 3.661937e-03
6.135907e+00 4.202559e-03
5.722368e+00 4.821670e-03
5.336699e+00 5.530244e-03
4.977024e+00 6.340659e-03
4.641589e+00 7.266822e-03
4.328761e+00 8.324320e-03
4.037017e+00 9.530533e-03
3.764936e+00 1.090475e-02
3.511192e+00 1.246822e-02
3.274549e+00 1.424431e-02
3.053856e+00 1.625835e-02
2.848036e+00 1.853744e-02
2.656088e+00 2.111068e-02
2.477076e+00 2.400812e-02
2.310130e+00 2.726066e-02
2.154435e+00 3.089922e-02
2.009233e+00 3.495360e-02
1.873817e+00 3.945086e-02
1.747528e+00 4.441320e-02
1.629751e+00 4.985687e-02
1.519911e+00 5.578946e-02
1.417474e+00 6.220442e-02
1.321941e+00 6.907852e-02
1.232847e+00 7.638160e-02
1.149757e+00 8.404072e-02
1.072267e+00 9.197944e-02
1.000000e+00 1.000854e-01
9.326033e-01 1.082140e-01
8.697490e-01 1.162203e-01
8.111308e-01 1.238896e-01
7.564633e-01 1.310846e-01
7.054802e-01 1.375262e-01
6.579332e-01 1.430548e-01
6.135907e-01 1.476038e-01
5.722368e-01 1.507332e-01
5.336699e-01 1.526917e-01
4.977024e-01 1.532720e-01
4.641589e-01 1.522424e-01
4.328761e-01 1.498919e-01
4.037017e-01 1.465201e-01
3.764936e-01 1.421286e-01
3.511192e-01 1.364898e-01
3.274549e-01 1.302949e-01
3.053856e-01 1.238307e-01
2.848036e-01 1.172514e-01
2.656088e-01 1.103240e-01
2.477076e-01 1.034747e-01
2.310130e-01 9.764690e-02
2.154435e-01 9.153888e-02
2.009233e-01 8.609702e-02
1.873817e-01 8.107952e-02
1.747528e-01 7.671550e-02
1.629751e-01 7.317699e-02
1.519911e-01 6.981259e-02
1.417474e-01 6.749203e-02
1.321941e-01 6.601780e-02
1.232847e-01 6.460771e-02
1.149757e-01 6.413808e-02
1.072267e-01 6.494651e-02
1.000000e-01 6.553251e-02
9.326033e-02 6.695247e-02
8.697490e-02 6.842037e-02
8.111308e-02 7.246702e-02
7.564633e-02 7.678196e-02
7.054802e-02 8.042050e-02
6.579332e-02 8.732935e-02
6.135907e-02 9.225508e-02
5.722368e-02 9.997552e-02
5.336699e-02 1.082735e-01
4.977024e-02 1.170127e-01
4.641589e-02 1.211615e-01
4.328761e-02 1.323197e-01
4.037017e-02 1.404696e-01
3.764936e-02 1.477582e-01
3.511192e-02 1.522320e-01
3.274549e-02 1.607447e-01
3.053856e-02 1.703693e-01
2.848036e-02 1.710404e-01
2.656088e-02 1.671892e-01
2.477076e-02 1.668504e-01
2.310130e-02 1.697740e-01
2.154435e-02 1.679064e-01
2.009233e-02 1.661225e-01
1.873817e-02 1.631397e-01
1.747528e-02 1.621195e-01
1.629751e-02 1.637467e-01
1.519911e-02 1.606627e-01
1.417474e-02 1.592909e-01
1.321941e-02 1.555432e-01
1.232847e-02 1.544734e-01
1.149757e-02 1.453042e-01
1.072267e-02 1.430094e-01
1.000000e-02 1.365160e-01
