1.000000e+01 1.596332e-03
9.326033e+00 1.833919e-03
8.697490e+00 2.106615e-03
8.111308e+00 2.419525e-03
7.564633e+00 2.778475e-03
7.054802e+00 3.190097e-03
6.579332e+00 3.661937e-03
6.135907e+00 4.202559e-03
5.722368e+00 4.821669e-03
5.336699e+00 5.530244e-03
4.977024e+00 6.340658e-03
4.641589e+00 7.266822e-03
4.328761e+00 8.324319e-03
4.037017e+00 9.530534e-03
3.764936e+00 1.090474e-02
3.511192e+00 1.246823e-02
3.274549e+00 1.424433e-02
3.053856e+00 1.625831e-02
2.848036e+00 1.853748e-02
2.656088e+00 2.111066e-02
2.477076e+00 2.400801e-02
2.310130e+00 2.726068e-02
2.154435e+00 3.089911e-02
2.009233e+00 3.495344e-02
1.873817e+00 3.945086e-02
1.747528e+00 4.441288e-02
1.629751e+00 4.985803e-02
1.519911e+00 5.578869e-02
1.417474e+00 6.220426e-02
1.321941e+00 6.907855e-02
1.232847e+00 7.637948e-02
1.149757e+00 8.403955e-02
1.072267e+00 9.197921e-02
1.000000e+00 1.000893e-01
9.326033e-01 1.082119e-01
8.697490e-01 1.162212e-01
8.111308e-01 1.238778e-01
7.564633e-01 1.310660e-01
7.054802e-01 1.375486e-01
6.579332e-01 1.430823e-01
6.135907e-01 1.475196e-01
5.722368e-01 1.507709e-01
5.336699e-01 1.526485e-01
4.977024e-01 1.531298e-01
4.641589e-01 1.522304e-01
4.328761e-01 1.500307e-01
4.037017e-01 1.465315e-01
3.764936e-01 1.418974e-01
3.511192e-01 1.365971e-01
3.274549e-01 1.304660e-01
3.053856e-01 1.238460e-01
2.848036e-01 1.171625e-01
2.656088e-01 1.102481e-01
2.477076e-01 1.037293e-01
2.310130e-01 9.735734e-02
2.154435e-01 9.139935e-02
2.009233e-01 8.592037e-02
1.873817e-01 8.119872e-02
1.747528e-01 7.687136e-02
1.629751e-01 7.347349e-02
1.519911e-01 7.015153e-02
1.417474e-01 6.750357e-02
1.321941e-01 6.565116e-02
1.232847e-01 6.521110e-02
1.149757e-01 6.426661e-02
1.072267e-01 6.379011e-02
1.000000e-01 6.439921e-02
9.326033e-02 6.677146e-02
8.697490e-02 6.877834e-02
8.111308e-02 7.153981e-02
7.564633e-02 7.586899e-02
7.054802e-02 8.208791e-02
6.579332e-02 8.689480e-02
6.135907e-02 9.249545e-02
5.722368e-02 1.017565e-01
5.336699e-02 1.066415e-01
4.977024e-02 1.162557e-01
4.641589e-02 1.253756e-01
4.328761e-02 1.325650e-01
4.037017e-02 1.394816e-01
3.764936e-02 1.434948e-01
3.511192e-02 1.574724e-01
3.274549e-02 1.567041e-01
3.053856e-02 1.625677e-01
2.848036e-02 1.669439e-01
2.656088e-02 1.630891e-01
2.477076e-02 1.688408e-01
2.310130e-02 1.674777e-01
2.154435e-02 1.637144e-01
2.009233e-02 1.631232e-01
1.873817e-02 1.684296e-01
1.747528e-02 1.723423e-01
1.629751e-02 1.632795e-01
1.519911e-02 1.625141e-01
1.417474e-02 1.645626e-01
1.321941e-02 1.585818e-01
1.232847e-02 1.542066e-01
1.149757e-02 1.521792e-01
1.072267e-02 1.346120e-01
1.000000e-02 1.286820e-01
