1.000000e+01 1.596332e-03
9.326033e+00 1.833919e-03
8.697490e+00 2.106615e-03
8.111308e+00 2.419525e-03
7.564633e+00 2.778475e-03
7.054802e+00 3.190098e-03
6.579332e+00 3.661937e-03
6.135907e+00 4.202558e-03
5.722368e+00 4.821669e-03
5.336699e+00 5.530244e-03
4.977024e+00 6.340658e-03
4.641589e+00 7.266822e-03
4.328761e+00 8.324320e-03
4.037017e+00 9.530530e-03
3.764936e+00 1.090474e-02
3.511192e+00 1.246825e-02
3.274549e+00 1.424432e-02
3.053856e+00 1.625836e-02
2.848036e+00 1.853746e-02
2.656088e+00 2.111065e-02
2.477076e+00 2.400810e-02
2.310130e+00 2.726072e-02
2.154435e+00 3.089933e-02
2.009233e+00 3.495356e-02
1.873817e+00 3.945084e-02
1.747528e+00 4.441257e-02
1.629751e+00 4.985676e-02
1.519911e+00 5.578835e-02
1.417474e+00 6.220623e-02
1.321941e+00 6.908041e-02
1.232847e+00 7.637692e-02
1.149757e+00 8.403702e-02
1.072267e+00 9.198236e-02
1.000000e+00 1.000828e-01
9.326033e-01 1.082151e-01
8.697490e-01 1.162034e-01
8.111308e-01 1.238798e-01
7.564633e-01 1.310499e-01
7.054802e-01 1.375316e-01
6.579332e-01 1.430698e-01
6.135907e-01 1.475624e-01
5.722368e-01 1.507842e-01
5.336699e-01 1.525415e-01
4.977024e-01 1.532241e-01
4.641589e-01 1.522692e-01
4.328761e-01 1.500419e-01
4.037017e-01 1.464272e-01
3.764936e-01 1.418887e-01
3.511192e-01 1.365126e-01
3.274549e-01 1.304589e-01
3.053856e-01 1.237077e-01
2.848036e-01 1.172104e-01
2.656088e-01 1.104134e-01
2.477076e-01 1.038126e-01
2.310130e-01 9.737629e-02
2.154435e-01 9.151147e-02
2.009233e-01 8.613677e-02
1.873817e-01 8.090901e-02
1.747528e-01 7.693296e-02
1.629751e-01 7.310201e-02
1.519911e-01 7.009787e-02
1.417474e-01 6.753726e-02
1.321941e-01 6.549061e-02
1.232847e-01 6.478306e-02
1.149757e-01 6.441437e-02
1.072267e-01 6.446249e-02
1.000000e-01 6.533244e-02
9.326033e-02 6.674745e-02
8.697490e-02 6.892501e-02
8.111308e-02 7.231566e-02
7.564633e-02 7.552371e-02
7.054802e-02 8.133078e-02
6.579332e-02 8.608613e-02
6.135907e-02 9.357343e-02
5.722368e-02 9.848602e-02
5.336699e-02 1.089656e-01
4.977024e-02 1.172149e-01
4.641589e-02 1.250923e-01
4.328761e-02 1.296105e-01
4.037017e-02 1.398161e-01
3.764936e-02 1.464636e-01
3.511192e-02 1.550516e-01
3.274549e-02 1.604607e-01
3.053856e-02 1.602421e-01
2.848036e-02 1.707391e-01
2.656088e-02 1.715587e-01
2.477076e-02 1.698662e-01
2.310130e-02 1.667625e-01
2.154435e-02 1.706449e-01
2.009233e-02 1.602442e-01
1.873817e-02 1.605021e-01
1.747528e-02 1.655556e-01
1.629751e-02 1.639936e-01
1.519911e-02 1.658697e-01
1.417474e-02 1.614962e-01
1.321941e-02 1.608819e-01
1.232847e-02 1.585777e-01
1.149757e-02 1.491591e-01
1.072267e-02 1.411350e-01
1.000000e-02 1.344400e-01
