1.000000e+01 1.596332e-03
9.326033e+00 1.833919e-03
8.697490e+00 2.106615e-03
8.111308e+00 2.419525e-03
7.564633e+00 2.778475e-03
7.054802e+00 3.190098e-03
6.579332e+00 3.661936e-03
6.135907e+00 4.202558e-03
5.722368e+00 4.821670e-03
5.336699e+00 5.530244e-03
4.977024e+00 6.340657e-03
4.641589e+00 7.266822e-03
4.328761e+00 8.324317e-03
4.037017e+00 9.530530e-03
3.764936e+00 1.090475e-02
3.511192e+00 1.246823e-02
3.274549e+00 1.424432e-02
3.053856e+00 1.625831e-02
2.848036e+00 1.853748e-02
2.656088e+00 2.111063e-02
2.477076e+00 2.400800e-02
2.310130e+00 2.726066e-02
2.154435e+00 3.089943e-02
2.009233e+00 3.495390e-02
1.873817e+00 3.945087e-02
1.747528e+00 4.441291e-02
1.629751e+00 4.985730e-02
1.519911e+00 5.578854e-02
1.417474e+00 6.220366e-02
1.321941e+00 6.908012e-02
1.232847e+00 7.637987e-02
1.149757e+00 8.403663e-02
1.072267e+00 9.198362e-02
1.000000e+00 1.000780e-01
9.326033e-01 1.082111e-01
8.697490e-01 1.162057e-01
8.111308e-01 1.239051e-01
7.564633e-01 1.310694e-01
7.054802e-01 1.375290e-01
6.579332e-01 1.430182e-01
6.135907e-01 1.475528e-01
5.722368e-01 1.507427e-01
5.336699e-01 1.527589e-01
4.977024e-01 1.531359e-01
4.641589e-01 1.523170e-01
4.328761e-01 1.498921e-01
4.037017e-01 1.464680e-01
3.764936e-01 1.419822e-01
3.511192e-01 1.365758e-01
3.274549e-01 1.304877e-01
3.053856e-01 1.239585e-01
2.848036e-01 1.172510e-01
2.656088e-01 1.101902e-01
2.477076e-01 1.036702e-01
2.310130e-01 9.734191e-02
2.154435e-01 9.133966e-02
2.009233e-01 8.590679e-02
1.873817e-01 8.122972e-02
1.747528e-01 7.661966e-02
1.629751e-01 7.314461e-02
1.519911e-01 7.003588e-02
1.417474e-01 6.747874e-02
1.321941e-01 6.554218e-02
1.232847e-01 6.500495e-02
1.149757e-01 6.418070e-02
1.072267e-01 6.438808e-02
1.000000e-01 6.531215e-02
9.326033e-02 6.618145e-02
8.697490e-02 6.906188e-02
8.111308e-02 7.234573e-02
7.564633e-02 7.478535e-02
7.054802e-02 8.191832e-02
6.579332e-02 8.709049e-02
6.135907e-02 9.295569e-02
5.722368e-02 1.007821e-01
5.336699e-02 1.092722e-01
4.977024e-02 1.162457e-01
4.641589e-02 1.227933e-01
4.328761e-02 1.314799e-01
4.037017e-02 1.384851e-01
3.764936e-02 1.436982e-01
3.511192e-02 1.519563e-01
3.274549e-02 1.570820e-01
3.053856e-02 1.605858e-01
2.848036e-02 1.660926e-01
2.656088e-02 1.713354e-01
2.477076e-02 1.694812e-01
2.310130e-02 1.701613e-01
2.154435e-02 1.726185e-01
2.009233e-02 1.681681e-01
1.873817e-02 1.664635e-01
1.747528e-02 1.712188e-01
1.629751e-02 1.583863e-01
1.519911e-02 1.618166e-01
1.417474e-02 1.613886e-01
1.321941e-02 1.626012e-01
1.232847e-02 1.582756e-01
1.149757e-02 1.574655e-01
1.072267e-02 1.472468e-01
1.000000e-02 1.454374e-01
