1.000000e+01 1.596332e-03
9.326033e+00 1.833919e-03
8.697490e+00 2.106615e-03
8.111308e+00 2.419525e-03
7.564633e+00 2.778475e-03
7.054802e+00 3.190097e-03
6.579332e+00 3.661937e-03
6.135907e+00 4.202558e-03
5.722368e+00 4.821670e-03
5.336699e+00 5.530245e-03
4.977024e+00 6.340659e-03
4.641589e+00 7.266822e-03
4.328761e+00 8.324319e-03
4.037017e+00 9.530530e-03
3.764936e+00 1.090474e-02
3.511192e+00 1.246823e-02
3.274549e+00 1.424432e-02
3.053856e+00 1.625831e-02
2.848036e+00 1.853745e-02
2.656088e+00 2.111067e-02
2.477076e+00 2.400812e-02
2.310130e+00 2.726061e-02
2.154435e+00 3.089919e-02
2.009233e+00 3.495388e-02
1.873817e+00 3.945040e-02
1.747528e+00 4.441297e-02
1.629751e+00 4.985672e-02
1.519911e+00 5.578865e-02
1.417474e+00 6.220309e-02
1.321941e+00 6.907984e-02
1.232847e+00 7.638142e-02
1.149757e+00 8.404441e-02
1.072267e+00 9.198433e-02
1.000000e+00 1.000885e-01
9.326033e-01 1.082079e-01
8.697490e-01 1.162103e-01
8.111308e-01 1.238866e-01
7.564633e-01 1.310634e-01
7.054802e-01 1.375256e-01
6.579332e-01 1.430378e-01
6.135907e-01 1.475933e-01
5.722368e-01 1.507354e-01
5.336699e-01 1.526873e-01
4.977024e-01 1.530971e-01
4.641589e-01 1.522447e-01
4.328761e-01 1.499671e-01
4.037017e-01 1.465127e-01
3.764936e-01 1.420345e-01
3.511192e-01 1.366368e-01
3.274549e-01 1.304771e-01
3.053856e-01 1.238604e-01
2.848036e-01 1.171202e-01
2.656088e-01 1.103497e-01
2.477076e-01 1.036114e-01
2.310130e-01 9.746715e-02
2.154435e-01 9.117393e-02
2.009233e-01 8.593085e-02
1.873817e-01 8.137633e-02
1.747528e-01 7.680290e-02
1.629751e-01 7.310082e-02
1.519911e-01 7.033258e-02
1.417474e-01 6.763847e-02
1.321941e-01 6.550156e-02
1.232847e-01 6.425792e-02
1.149757e-01 6.360257e-02
1.072267e-01 6.425505e-02
1.000000e-01 6.541735e-02
9.326033e-02 6.647816e-02
8.697490e-02 6.914213e-02
8.111308e-02 7.269567e-02
7.564633e-02 7.662618e-02
7.054802e-02 7.979703e-02
6.579332e-02 8.617704e-02
6.135907e-02 9.370257e-02
5.722368e-02 1.014154e-01
5.336699e-02 1.099271e-01
4.977024e-02 1.159233e-01
4.641589e-02 1.250450e-01
4.328761e-02 1.349897e-01
4.037017e-02 1.396854e-01
3.764936e-02 1.478909e-01
3.511192e-02 1.526863e-01
3.274549e-02 1.553752e-01
3.053856e-02 1.596449e-01
2.848036e-02 1.656631e-01
2.656088e-02 1.665772e-01
2.477076e-02 1.670092e-01
2.310130e-02 1.649093e-01
2.154435e-02 1.719186e-01
2.009233e-02 1.680350e-01
1.873817e-02 1.630283e-01
1.747528e-02 1.634004e-01
1.629751e-02 1.670149e-01
1.519911e-02 1.618662e-01
1.417474e-02 1.566492e-01
1.321941e-02 1.545833e-01
1.232847e-02 1.528234e-01
1.149757e-02 1.494762e-01
1.072267e-02 1.447216e-01
1.000000e-02 1.323262e-01
