4.000000e+00 9.973815e-03
3.176534e+00 1.550662e-02
2.522591e+00 2.384224e-02
2.003274e+00 3.604027e-02
1.590867e+00 5.310453e-02
1.263360e+00 7.538011e-02
1.003277e+00 1.015330e-01
7.967354e-01 1.275492e-01
6.327142e-01 1.469897e-01
5.024595e-01 1.534899e-01
3.990198e-01 1.450307e-01
3.168750e-01 1.256233e-01
2.516410e-01 1.022308e-01
1.998365e-01 8.115835e-02
1.586968e-01 6.521038e-02
1.260265e-01 5.438801e-02
1.000818e-01 4.832198e-02
7.947831e-02 4.768956e-02
6.311638e-02 5.258346e-02
5.012282e-02 6.633298e-02
3.980421e-02 9.364379e-02
3.160985e-02 1.376398e-01
2.510244e-02 2.069972e-01
1.993468e-02 2.775936e-01
1.583080e-02 3.218353e-01
1.257176e-02 2.575882e-01
9.983657e-03 1.096968e-01
7.928355e-03 3.021045e-02
6.296172e-03 1.049462e-02
5.000000e-03 4.007292e-03
