4.000000e+00 9.973812e-03
3.176534e+00 1.550661e-02
2.522591e+00 2.384223e-02
2.003274e+00 3.604024e-02
1.590867e+00 5.310422e-02
1.263360e+00 7.538003e-02
1.003277e+00 1.015312e-01
7.967354e-01 1.275529e-01
6.327142e-01 1.469526e-01
5.024595e-01 1.535116e-01
3.990198e-01 1.450192e-01
3.168750e-01 1.255075e-01
2.516410e-01 1.022401e-01
1.998365e-01 8.131638e-02
1.586968e-01 6.527991e-02
1.260265e-01 5.431653e-02
1.000818e-01 4.837662e-02
7.947831e-02 4.718213e-02
6.311638e-02 5.321221e-02
5.012282e-02 6.632662e-02
3.980421e-02 9.519495e-02
3.160985e-02 1.403853e-01
2.510244e-02 2.075061e-01
1.993468e-02 2.844270e-01
1.583080e-02 3.267556e-01
1.257176e-02 2.566730e-01
9.983657e-03 9.531656e-02
7.928355e-03 2.691046e-02
6.296172e-03 9.490356e-03
5.000000e-03 3.433825e-03
