4.000000e+00 9.973814e-03
3.176534e+00 1.550662e-02
2.522591e+00 2.384224e-02
2.003274e+00 3.604031e-02
1.590867e+00 5.310441e-02
1.263360e+00 7.537920e-02
1.003277e+00 1.015331e-01
7.967354e-01 1.275467e-01
6.327142e-01 1.469677e-01
5.024595e-01 1.535072e-01
3.990198e-01 1.450633e-01
3.168750e-01 1.255083e-01
2.516410e-01 1.022632e-01
1.998365e-01 8.119421e-02
1.586968e-01 6.526745e-02
1.260265e-01 5.432246e-02
1.000818e-01 4.870574e-02
7.947831e-02 4.752101e-02
6.311638e-02 5.233361e-02
5.012282e-02 6.602521e-02
3.980421e-02 9.588822e-02
3.160985e-02 1.383852e-01
2.510244e-02 2.082859e-01
1.993468e-02 2.866687e-01
1.583080e-02 3.364230e-01
1.257176e-02 2.317418e-01
9.983657e-03 8.656366e-02
7.928355e-03 2.776918e-02
6.296172e-03 1.061274e-02
5.000000e-03 4.234707e-03
