4.000000e+00 9.973814e-03
3.176534e+00 1.550662e-02
2.522591e+00 2.384224e-02
2.003274e+00 3.604022e-02
1.590867e+00 5.310397e-02
1.263360e+00 7.537983e-02
1.003277e+00 1.015323e-01
7.967354e-01 1.275461e-01
6.327142e-01 1.469591e-01
5.024595e-01 1.535049e-01
3.990198e-01 1.450770e-01
3.168750e-01 1.255206e-01
2.516410e-01 1.021599e-01
1.998365e-01 8.130718e-02
1.586968e-01 6.515312e-02
1.260265e-01 5.446174e-02
1.000818e-01 4.846705e-02
7.947831e-02 4.787093e-02
6.311638e-02 5.249196e-02
5.012282e-02 6.608034e-02
3.980421e-02 9.418627e-02
3.160985e-02 1.387873e-01
2.510244e-02 2.048411e-01
1.993468e-02 2.800583e-01
1.583080e-02 3.251372e-01
1.257176e-02 2.485974e-01
9.983657e-03 1.057097e-01
7.928355e-03 3.600659e-02
6.296172e-03 1.531655e-02
5.000000e-03 6.552156e-03
