4.000000e+00 9.973813e-03
3.176534e+00 1.550661e-02
2.522591e+00 2.384222e-02
2.003274e+00 3.604028e-02
1.590867e+00 5.310417e-02
1.263360e+00 7.537963e-02
1.003277e+00 1.015355e-01
7.967354e-01 1.275538e-01
6.327142e-01 1.469638e-01
5.024595e-01 1.535113e-01
3.990198e-01 1.450271e-01
3.168750e-01 1.255055e-01
2.516410e-01 1.022519e-01
1.998365e-01 8.124778e-02
1.586968e-01 6.522469e-02
1.260265e-01 5.455956e-02
1.000818e-01 4.825400e-02
7.947831e-02 4.692432e-02
6.311638e-02 5.255871e-02
5.012282e-02 6.485327e-02
3.980421e-02 9.204215e-02
3.160985e-02 1.398710e-01
2.510244e-02 2.046454e-01
1.993468e-02 2.764417e-01
1.583080e-02 3.240245e-01
1.257176e-02 2.540355e-01
9.983657e-03 1.167840e-01
7.928355e-03 4.424467e-02
6.296172e-03 1.729964e-02
5.000000e-03 8.164142e-03
