4.000000e+00 9.973815e-03
3.176534e+00 1.550661e-02
2.522591e+00 2.384223e-02
2.003274e+00 3.604027e-02
1.590867e+00 5.310394e-02
1.263360e+00 7.537869e-02
1.003277e+00 1.015319e-01
7.967354e-01 1.275441e-01
6.327142e-01 1.469735e-01
5.024595e-01 1.534760e-01
3.990198e-01 1.450436e-01
3.168750e-01 1.254877e-01
2.516410e-01 1.021657e-01
1.998365e-01 8.130343e-02
1.586968e-01 6.516446e-02
1.260265e-01 5.444921e-02
1.000818e-01 4.848838e-02
7.947831e-02 4.754715e-02
6.311638e-02 5.271585e-02
5.012282e-02 6.716360e-02
3.980421e-02 9.380946e-02
3.160985e-02 1.401061e-01
2.510244e-02 2.020049e-01
1.993468e-02 2.765166e-01
1.583080e-02 3.352874e-01
1.257176e-02 2.503033e-01
9.983657e-03 1.019724e-01
7.928355e-03 3.174258e-02
6.296172e-03 1.486751e-02
5.000000e-03 5.600538e-03
