4.000000e+00 9.973815e-03
3.176534e+00 1.550662e-02
2.522591e+00 2.384222e-02
2.003274e+00 3.604018e-02
1.590867e+00 5.310391e-02
1.263360e+00 7.537820e-02
1.003277e+00 1.015326e-01
7.967354e-01 1.275384e-01
6.327142e-01 1.469678e-01
5.024595e-01 1.534802e-01
3.990198e-01 1.451296e-01
3.168750e-01 1.254913e-01
2.516410e-01 1.022071e-01
1.998365e-01 8.121845e-02
1.586968e-01 6.515017e-02
1.260265e-01 5.442357e-02
1.000818e-01 4.880381e-02
7.947831e-02 4.791592e-02
6.311638e-02 5.332091e-02
5.012282e-02 6.720399e-02
3.980421e-02 9.277771e-02
3.160985e-02 1.391283e-01
2.510244e-02 1.984974e-01
1.993468e-02 2.838594e-01
1.583080e-02 3.336611e-01
1.257176e-02 2.601173e-01
9.983657e-03 9.177605e-02
7.928355e-03 2.748613e-02
6.296172e-03 1.069585e-02
5.000000e-03 4.442235e-03
