4.000000e+00 9.973814e-03
3.176534e+00 1.550661e-02
2.522591e+00 2.384222e-02
2.003274e+00 3.604026e-02
1.590867e+00 5.310418e-02
1.263360e+00 7.537818e-02
1.003277e+00 1.015299e-01
7.967354e-01 1.275521e-01
6.327142e-01 1.469570e-01
5.024595e-01 1.535025e-01
3.990198e-01 1.449980e-01
3.168750e-01 1.255363e-01
2.516410e-01 1.022824e-01
1.998365e-01 8.126803e-02
1.586968e-01 6.514658e-02
1.260265e-01 5.454532e-02
1.000818e-01 4.835302e-02
7.947831e-02 4.758825e-02
6.311638e-02 5.230553e-02
5.012282e-02 6.710803e-02
3.980421e-02 9.352694e-02
3.160985e-02 1.419897e-01
2.510244e-02 2.066057e-01
1.993468e-02 2.791288e-01
1.583080e-02 3.259081e-01
1.257176e-02 2.664993e-01
9.983657e-03 1.145557e-01
7.928355e-03 3.968474e-02
6.296172e-03 1.331479e-02
5.000000e-03 5.188170e-03
