4.000000e+00 9.973813e-03
3.176534e+00 1.550662e-02
2.522591e+00 2.384223e-02
2.003274e+00 3.604020e-02
1.590867e+00 5.310435e-02
1.263360e+00 7.537944e-02
1.003277e+00 1.015306e-01
7.967354e-01 1.275532e-01
6.327142e-01 1.469711e-01
5.024595e-01 1.535153e-01
3.990198e-01 1.450122e-01
3.168750e-01 1.255142e-01
2.516410e-01 1.022734e-01
1.998365e-01 8.131645e-02
1.586968e-01 6.515373e-02
1.260265e-01 5.427337e-02
1.000818e-01 4.834489e-02
7.947831e-02 4.734217e-02
6.311638e-02 5.262922e-02
5.012282e-02 6.673953e-02
3.980421e-02 9.327811e-02
3.160985e-02 1.418100e-01
2.510244e-02 2.035889e-01
1.993468e-02 2.722849e-01
1.583080e-02 3.326932e-01
1.257176e-02 2.418181e-01
9.983657e-03 9.939552e-02
7.928355e-03 3.563164e-02
6.296172e-03 1.636118e-02
5.000000e-03 8.395186e-03
