4.000000e+00 9.973814e-03
3.176534e+00 1.550661e-02
2.522591e+00 2.384221e-02
2.003274e+00 3.604022e-02
1.590867e+00 5.310396e-02
1.263360e+00 7.537948e-02
1.003277e+00 1.015340e-01
7.967354e-01 1.275564e-01
6.327142e-01 1.469817e-01
5.024595e-01 1.534992e-01
3.990198e-01 1.450295e-01
3.168750e-01 1.255640e-01
2.516410e-01 1.022752e-01
1.998365e-01 8.125631e-02
1.586968e-01 6.524576e-02
1.260265e-01 5.451682e-02
1.000818e-01 4.834131e-02
7.947831e-02 4.734675e-02
6.311638e-02 5.270880e-02
5.012282e-02 6.828029e-02
3.980421e-02 9.245901e-02
3.160985e-02 1.411890e-01
2.510244e-02 2.088458e-01
1.993468e-02 2.856266e-01
1.583080e-02 3.238911e-01
1.257176e-02 2.427842e-01
9.983657e-03 1.068614e-01
7.928355e-03 3.370569e-02
6.296172e-03 1.553973e-02
5.000000e-03 8.026178e-03
