4.000000e+00 9.973814e-03
3.176534e+00 1.550662e-02
2.522591e+00 2.384225e-02
2.003274e+00 3.604025e-02
1.590867e+00 5.310406e-02
1.263360e+00 7.537933e-02
1.003277e+00 1.015320e-01
7.967354e-01 1.275449e-01
6.327142e-01 1.469918e-01
5.024595e-01 1.535038e-01
3.990198e-01 1.451489e-01
3.168750e-01 1.255920e-01
2.516410e-01 1.021712e-01
1.998365e-01 8.122448e-02
1.586968e-01 6.523388e-02
1.260265e-01 5.463672e-02
1.000818e-01 4.859345e-02
7.947831e-02 4.727182e-02
6.311638e-02 5.250717e-02
5.012282e-02 6.680269e-02
3.980421e-02 9.491083e-02
3.160985e-02 1.400672e-01
2.510244e-02 1.996947e-01
1.993468e-02 2.847930e-01
1.583080e-02 3.218545e-01
1.257176e-02 2.457040e-01
9.983657e-03 1.139643e-01
7.928355e-03 3.987993e-02
6.296172e-03 1.588019e-02
5.000000e-03 7.434780e-03
