4.000000 0.009974 0.000000
3.176534 0.015507 0.000000
2.522591 0.023842 0.000000
2.003274 0.036040 0.000000
1.590867 0.053104 0.000000
1.263360 0.075379 0.000000
1.003277 0.101532 0.000000
0.796735 0.127548 0.000001
0.632714 0.146969 0.000003
0.502459 0.153494 0.000004
0.399020 0.145052 0.000010
0.316875 0.125535 0.000010
0.251641 0.102231 0.000012
0.199837 0.081250 0.000012
0.158697 0.065221 0.000014
0.126027 0.054429 0.000040
0.100082 0.048421 0.000047
0.079478 0.047476 0.000080
0.063116 0.052606 0.000089
0.050123 0.066665 0.000210
0.039804 0.093908 0.000327
0.031610 0.139828 0.000298
0.025102 0.204374 0.000770
0.019935 0.281704 0.001249
0.015831 0.330898 0.001962
0.012572 0.251850 0.002555
0.009984 0.101456 0.002504
0.007928 0.032418 0.001378
0.006296 0.012706 0.000718
0.005000 0.005594 0.000422
