4.000000e+00 9.973814e-03
3.176534e+00 1.550662e-02
2.522591e+00 2.384223e-02
2.003274e+00 3.604027e-02
1.590867e+00 5.310441e-02
1.263360e+00 7.537849e-02
1.003277e+00 1.015328e-01
7.967354e-01 1.275435e-01
6.327142e-01 1.469634e-01
5.024595e-01 1.534556e-01
3.990198e-01 1.450738e-01
3.168750e-01 1.255110e-01
2.516410e-01 1.021857e-01
1.998365e-01 8.124830e-02
1.586968e-01 6.523330e-02
1.260265e-01 5.470194e-02
1.000818e-01 4.836792e-02
7.947831e-02 4.787044e-02
6.311638e-02 5.266234e-02
5.012282e-02 6.790958e-02
3.980421e-02 9.642429e-02
3.160985e-02 1.387172e-01
2.510244e-02 2.057251e-01
1.993468e-02 2.869472e-01
1.583080e-02 3.368353e-01
1.257176e-02 2.568065e-01
9.983657e-03 9.452016e-02
7.928355e-03 2.838794e-02
6.296172e-03 1.084481e-02
5.000000e-03 3.404967e-03
