4.000000e+00 9.973813e-03
3.176534e+00 1.550662e-02
2.522591e+00 2.384226e-02
2.003274e+00 3.604011e-02
1.590867e+00 5.310420e-02
1.263360e+00 7.537949e-02
1.003277e+00 1.015324e-01
7.967354e-01 1.275420e-01
6.327142e-01 1.469610e-01
5.024595e-01 1.534922e-01
3.990198e-01 1.450626e-01
3.168750e-01 1.255746e-01
2.516410e-01 1.022323e-01
1.998365e-01 8.121800e-02
1.586968e-01 6.525029e-02
1.260265e-01 5.423175e-02
1.000818e-01 4.852653e-02
7.947831e-02 4.727829e-02
6.311638e-02 5.215656e-02
5.012282e-02 6.630000e-02
3.980421e-02 9.467826e-02
3.160985e-02 1.390892e-01
2.510244e-02 2.028954e-01
1.993468e-02 2.921388e-01
1.583080e-02 3.513657e-01
1.257176e-02 2.425590e-01
9.983657e-03 8.632855e-02
7.928355e-03 2.754034e-02
6.296172e-03 1.172238e-02
5.000000e-03 5.258943e-03
