4.000000e+00 9.973814e-03
3.176534e+00 1.550662e-02
2.522591e+00 2.384221e-02
2.003274e+00 3.604015e-02
1.590867e+00 5.310431e-02
1.263360e+00 7.537937e-02
1.003277e+00 1.015341e-01
7.967354e-01 1.275467e-01
6.327142e-01 1.469718e-01
5.024595e-01 1.534794e-01
3.990198e-01 1.450543e-01
3.168750e-01 1.255438e-01
2.516410e-01 1.021883e-01
1.998365e-01 8.129260e-02
1.586968e-01 6.531833e-02
1.260265e-01 5.438999e-02
1.000818e-01 4.829372e-02
7.947831e-02 4.760334e-02
6.311638e-02 5.208164e-02
5.012282e-02 6.651075e-02
3.980421e-02 9.471840e-02
3.160985e-02 1.401136e-01
2.510244e-02 2.012054e-01
1.993468e-02 2.804314e-01
1.583080e-02 3.336699e-01
1.257176e-02 2.445218e-01
9.983657e-03 8.890290e-02
7.928355e-03 2.697762e-02
6.296172e-03 9.480334e-03
5.000000e-03 4.193452e-03
