4.000000e+00 9.973814e-03
3.176534e+00 1.550662e-02
2.522591e+00 2.384222e-02
2.003274e+00 3.604022e-02
1.590867e+00 5.310392e-02
1.263360e+00 7.537920e-02
1.003277e+00 1.015307e-01
7.967354e-01 1.275515e-01
6.327142e-01 1.469740e-01
5.024595e-01 1.535002e-01
3.990198e-01 1.450482e-01
3.168750e-01 1.255537e-01
2.516410e-01 1.022606e-01
1.998365e-01 8.123623e-02
1.586968e-01 6.519253e-02
1.260265e-01 5.455998e-02
1.000818e-01 4.801293e-02
7.947831e-02 4.688830e-02
6.311638e-02 5.309190e-02
5.012282e-02 6.573339e-02
3.980421e-02 9.255891e-02
3.160985e-02 1.399190e-01
2.510244e-02 2.063738e-01
1.993468e-02 2.806225e-01
1.583080e-02 3.380036e-01
1.257176e-02 2.586727e-01
9.983657e-03 1.066083e-01
7.928355e-03 3.505315e-02
6.296172e-03 1.319452e-02
5.000000e-03 6.207957e-03
