-2.154700538379252350e+00
-2.063896144984950887e+00
-2.063896144984947778e+00
-1.951501137029773458e+00
-1.951501137029770794e+00
-1.951501137029768795e+00
-1.951501137029764799e+00
-1.942809041582066465e+00
-1.942809041582062468e+00
-1.900056530879184136e+00
-1.900056530879181027e+00
-1.900056530879179917e+00
-1.900056530879179251e+00
-1.895282055184777326e+00
-1.792600706211154638e+00
-1.792600706211152861e+00
-1.792600706211152417e+00
-1.792600706211151751e+00
-1.724086798434333545e+00
-1.724086798434332213e+00
-1.724086798434330214e+00
-1.724086798434327994e+00
-1.700705345572107063e+00
-1.700705345572105065e+00
-1.700705345572101290e+00
-1.700705345572100846e+00
-1.666666666666672292e+00
-1.666666666666665853e+00
-1.594146565806859650e+00
-1.594146565806859428e+00
-1.542404335098890744e+00
-1.488033871712585610e+00
-1.342757952890198281e+00
-1.342757952890196727e+00
-1.342757952890194506e+00
-1.342757952890193174e+00
-1.276142374915400390e+00
-1.276142374915397504e+00
-1.228615388518115692e+00
-1.185609072997629410e+00
-1.185609072997629188e+00
-1.164128714442580259e+00
-1.164128714442579593e+00
-1.164128714442578705e+00
-1.164128714442577595e+00
-1.125934039544493670e+00
-1.125934039544491228e+00
-1.125934039544488341e+00
-1.125934039544486787e+00
-1.000000000000001110e+00
-1.000000000000000888e+00
-1.000000000000000000e+00
-9.999999999999985567e-01
-9.999999999999975575e-01
-9.133329229849136421e-01
-9.133329229849130870e-01
-9.133329229849123099e-01
-9.133329229849119768e-01
-8.757376684322182303e-01
-8.213672050459176477e-01
-8.030829125114196110e-01
-8.030829125114178346e-01
-7.453559924999313413e-01
-7.453559924999306752e-01
-7.453559924999306752e-01
-7.453559924999305641e-01
-7.453559924999303421e-01
-7.453559924999301201e-01
-7.453559924999301201e-01
-7.453559924999298980e-01
-7.453559924999295649e-01
-7.453559924999293429e-01
-7.453559924999292319e-01
-7.453559924999290098e-01
-7.158594938195458335e-01
-7.158594938195453894e-01
-6.471222799141066462e-01
-6.379001678319050628e-01
-6.379001678319048407e-01
-6.379001678319045077e-01
-6.379001678319045077e-01
-6.094757082487309852e-01
-6.094757082487292088e-01
-5.449537386539845540e-01
-5.449537386539832218e-01
-4.945602010422627814e-01
-4.945602010422624484e-01
-4.945602010422621708e-01
-4.945602010422619488e-01
-4.093445458793223413e-01
-4.093445458793218972e-01
-4.093445458793216751e-01
-4.093445458793211755e-01
-3.333333333333339810e-01
-3.333333333333337034e-01
-3.333333333333336479e-01
-3.333333333333336479e-01
-3.333333333333335369e-01
-3.333333333333333703e-01
-3.333333333333332593e-01
-3.333333333333332593e-01
-3.333333333333331483e-01
-3.333333333333329263e-01
-3.333333333333328152e-01
-3.333333333333327597e-01
-3.333333333333325932e-01
-2.928122215449309174e-01
-2.928122215449284749e-01
-2.928122215449284194e-01
-2.928122215449277532e-01
-1.547005383792518507e-01
-7.520415947589995098e-02
-7.520415947589918770e-02
-5.719095841793680329e-02
-5.719095841793650492e-02
-4.799551221080186614e-02
-4.799551221080174818e-02
-4.799551221080167879e-02
-4.799551221080158858e-02
-4.201643008726232975e-02
-4.201643008726210077e-02
-4.201643008726144851e-02
-4.201643008726137218e-02
-2.876649883476280894e-02
-2.876649883476239261e-02
-2.876649883476199362e-02
-2.876649883476191730e-02
-1.954438675255967470e-02
1.954438675255979960e-02
2.876649883476222955e-02
2.876649883476251404e-02
2.876649883476259731e-02
2.876649883476315589e-02
4.201643008726142769e-02
4.201643008726160811e-02
4.201643008726166362e-02
4.201643008726179546e-02
4.799551221080174818e-02
4.799551221080186614e-02
4.799551221080211594e-02
4.799551221080237268e-02
5.719095841793661594e-02
5.719095841793812168e-02
7.520415947589949301e-02
7.520415947589986772e-02
1.547005383792527111e-01
2.928122215449278642e-01
2.928122215449285304e-01
2.928122215449289745e-01
2.928122215449290855e-01
3.333333333333322046e-01
3.333333333333326487e-01
3.333333333333328152e-01
3.333333333333329818e-01
3.333333333333329818e-01
3.333333333333332593e-01
3.333333333333332593e-01
3.333333333333332593e-01
3.333333333333333703e-01
3.333333333333336479e-01
3.333333333333336479e-01
3.333333333333338699e-01
3.333333333333339810e-01
4.093445458793211755e-01
4.093445458793216751e-01
4.093445458793223413e-01
4.093445458793234515e-01
4.945602010422628925e-01
4.945602010422634476e-01
4.945602010422635031e-01
4.945602010422640582e-01
5.449537386539843320e-01
5.449537386539844430e-01
6.094757082487292088e-01
6.094757082487312072e-01
6.379001678319035085e-01
6.379001678319039526e-01
6.379001678319047297e-01
6.379001678319047297e-01
6.471222799141077564e-01
7.158594938195447233e-01
7.158594938195450563e-01
7.453559924999291209e-01
7.453559924999293429e-01
7.453559924999294539e-01
7.453559924999296760e-01
7.453559924999297870e-01
7.453559924999297870e-01
7.453559924999297870e-01
7.453559924999301201e-01
7.453559924999302311e-01
7.453559924999304531e-01
7.453559924999305641e-01
7.453559924999306752e-01
8.030829125114181677e-01
8.030829125114189448e-01
8.213672050459176477e-01
8.757376684322223381e-01
9.133329229849103115e-01
9.133329229849104225e-01
9.133329229849114217e-01
9.133329229849121988e-01
9.999999999999982236e-01
9.999999999999990008e-01
1.000000000000000000e+00
1.000000000000001110e+00
1.000000000000001110e+00
1.125934039544488785e+00
1.125934039544489229e+00
1.125934039544490339e+00
1.125934039544491672e+00
1.164128714442577595e+00
1.164128714442578927e+00
1.164128714442579371e+00
1.164128714442579815e+00
1.185609072997627633e+00
1.185609072997630964e+00
1.228615388518114360e+00
1.276142374915393507e+00
1.276142374915398836e+00
1.342757952890193840e+00
1.342757952890194284e+00
1.342757952890194506e+00
1.342757952890195394e+00
1.488033871712586276e+00
1.542404335098886081e+00
1.594146565806860538e+00
1.594146565806861204e+00
1.666666666666667185e+00
1.666666666666668073e+00
1.700705345572100180e+00
1.700705345572105509e+00
1.700705345572105731e+00
1.700705345572106397e+00
1.724086798434330881e+00
1.724086798434331103e+00
1.724086798434331103e+00
1.724086798434334433e+00
1.792600706211151085e+00
1.792600706211153083e+00
1.792600706211155748e+00
1.792600706211157968e+00
1.895282055184775105e+00
1.900056530879178807e+00
1.900056530879179251e+00
1.900056530879179695e+00
1.900056530879183025e+00
1.942809041582062468e+00
1.942809041582066687e+00
1.951501137029765909e+00
1.951501137029766353e+00
1.951501137029766797e+00
1.951501137029772792e+00
2.063896144984947778e+00
2.063896144984949110e+00
2.154700538379252350e+00
