4.000000e+00 9.860513e-03
3.176534e+00 1.533332e-02
2.522591e+00 2.358252e-02
2.003274e+00 3.566347e-02
1.590867e+00 5.258307e-02
1.263360e+00 7.471236e-02
1.003277e+00 1.007708e-01
7.967354e-01 1.268231e-01
6.327142e-01 1.464766e-01
5.024595e-01 1.533503e-01
3.990198e-01 1.453158e-01
3.168750e-01 1.261716e-01
2.516410e-01 1.030861e-01
1.998365e-01 8.202690e-02
1.586968e-01 6.643727e-02
1.260265e-01 5.626531e-02
1.000818e-01 5.128559e-02
7.947831e-02 5.192793e-02
6.311638e-02 5.964836e-02
5.012282e-02 7.546572e-02
3.980421e-02 1.059735e-01
3.160985e-02 1.605299e-01
2.510244e-02 2.331573e-01
1.993468e-02 3.068079e-01
1.583080e-02 3.050693e-01
1.257176e-02 1.796851e-01
9.983657e-03 7.933640e-02
7.928355e-03 3.270781e-02
6.296172e-03 1.879467e-02
5.000000e-03 1.324674e-02
