4.000000e+00 9.860514e-03
3.176534e+00 1.533331e-02
2.522591e+00 2.358253e-02
2.003274e+00 3.566345e-02
1.590867e+00 5.258391e-02
1.263360e+00 7.471216e-02
1.003277e+00 1.007686e-01
7.967354e-01 1.268116e-01
6.327142e-01 1.464492e-01
5.024595e-01 1.532986e-01
3.990198e-01 1.452592e-01
3.168750e-01 1.260393e-01
2.516410e-01 1.029743e-01
1.998365e-01 8.225838e-02
1.586968e-01 6.649720e-02
1.260265e-01 5.604665e-02
1.000818e-01 5.137999e-02
7.947831e-02 5.223322e-02
6.311638e-02 6.001777e-02
5.012282e-02 7.628480e-02
3.980421e-02 1.076872e-01
3.160985e-02 1.547330e-01
2.510244e-02 2.285133e-01
1.993468e-02 3.140429e-01
1.583080e-02 3.048307e-01
1.257176e-02 1.722281e-01
9.983657e-03 6.267820e-02
7.928355e-03 2.680558e-02
6.296172e-03 1.581070e-02
5.000000e-03 9.985812e-03
