4.000000e+00 9.860512e-03
3.176534e+00 1.533331e-02
2.522591e+00 2.358254e-02
2.003274e+00 3.566342e-02
1.590867e+00 5.258345e-02
1.263360e+00 7.471261e-02
1.003277e+00 1.007693e-01
7.967354e-01 1.268056e-01
6.327142e-01 1.464164e-01
5.024595e-01 1.533268e-01
3.990198e-01 1.452238e-01
3.168750e-01 1.261333e-01
2.516410e-01 1.029928e-01
1.998365e-01 8.216184e-02
1.586968e-01 6.658981e-02
1.260265e-01 5.627505e-02
1.000818e-01 5.114787e-02
7.947831e-02 5.178982e-02
6.311638e-02 5.820314e-02
5.012282e-02 7.665577e-02
3.980421e-02 1.071629e-01
3.160985e-02 1.545409e-01
2.510244e-02 2.342855e-01
1.993468e-02 3.054303e-01
1.583080e-02 2.965021e-01
1.257176e-02 1.742657e-01
9.983657e-03 7.532480e-02
7.928355e-03 2.821636e-02
6.296172e-03 1.898079e-02
5.000000e-03 1.334750e-02
