4.000000e+00 9.860512e-03
3.176534e+00 1.533332e-02
2.522591e+00 2.358256e-02
2.003274e+00 3.566350e-02
1.590867e+00 5.258348e-02
1.263360e+00 7.471311e-02
1.003277e+00 1.007772e-01
7.967354e-01 1.268180e-01
6.327142e-01 1.464318e-01
5.024595e-01 1.533197e-01
3.990198e-01 1.453189e-01
3.168750e-01 1.261374e-01
2.516410e-01 1.028776e-01
1.998365e-01 8.206109e-02
1.586968e-01 6.644132e-02
1.260265e-01 5.646198e-02
1.000818e-01 5.125993e-02
7.947831e-02 5.154958e-02
6.311638e-02 5.869270e-02
5.012282e-02 7.637938e-02
3.980421e-02 1.096353e-01
3.160985e-02 1.561037e-01
2.510244e-02 2.328963e-01
1.993468e-02 3.114318e-01
1.583080e-02 3.073450e-01
1.257176e-02 1.694217e-01
9.983657e-03 7.001907e-02
7.928355e-03 2.673078e-02
6.296172e-03 1.600565e-02
5.000000e-03 1.277353e-02
