4.000000e+00 9.860511e-03
3.176534e+00 1.533331e-02
2.522591e+00 2.358253e-02
2.003274e+00 3.566346e-02
1.590867e+00 5.258364e-02
1.263360e+00 7.471104e-02
1.003277e+00 1.007683e-01
7.967354e-01 1.268103e-01
6.327142e-01 1.464510e-01
5.024595e-01 1.533053e-01
3.990198e-01 1.453149e-01
3.168750e-01 1.261072e-01
2.516410e-01 1.030599e-01
1.998365e-01 8.216582e-02
1.586968e-01 6.642007e-02
1.260265e-01 5.604624e-02
1.000818e-01 5.141075e-02
7.947831e-02 5.165761e-02
6.311638e-02 5.840134e-02
5.012282e-02 7.631569e-02
3.980421e-02 1.073062e-01
3.160985e-02 1.566898e-01
2.510244e-02 2.323717e-01
1.993468e-02 3.073788e-01
1.583080e-02 3.084774e-01
1.257176e-02 1.877878e-01
9.983657e-03 7.959968e-02
7.928355e-03 3.067470e-02
6.296172e-03 1.776504e-02
5.000000e-03 1.263337e-02
