4.000000e+00 9.860512e-03
3.176534e+00 1.533331e-02
2.522591e+00 2.358254e-02
2.003274e+00 3.566340e-02
1.590867e+00 5.258350e-02
1.263360e+00 7.471108e-02
1.003277e+00 1.007683e-01
7.967354e-01 1.268183e-01
6.327142e-01 1.464731e-01
5.024595e-01 1.533620e-01
3.990198e-01 1.453057e-01
3.168750e-01 1.260517e-01
2.516410e-01 1.028723e-01
1.998365e-01 8.211079e-02
1.586968e-01 6.635873e-02
1.260265e-01 5.616060e-02
1.000818e-01 5.148275e-02
7.947831e-02 5.157191e-02
6.311638e-02 6.006111e-02
5.012282e-02 7.602408e-02
3.980421e-02 1.061179e-01
3.160985e-02 1.565422e-01
2.510244e-02 2.349782e-01
1.993468e-02 3.207957e-01
1.583080e-02 3.004715e-01
1.257176e-02 1.717069e-01
9.983657e-03 6.751758e-02
7.928355e-03 2.785003e-02
6.296172e-03 1.717485e-02
5.000000e-03 1.328982e-02
