4.000000e+00 9.860513e-03
3.176534e+00 1.533332e-02
2.522591e+00 2.358258e-02
2.003274e+00 3.566345e-02
1.590867e+00 5.258326e-02
1.263360e+00 7.471205e-02
1.003277e+00 1.007705e-01
7.967354e-01 1.268213e-01
6.327142e-01 1.464108e-01
5.024595e-01 1.533211e-01
3.990198e-01 1.452590e-01
3.168750e-01 1.261378e-01
2.516410e-01 1.029407e-01
1.998365e-01 8.213599e-02
1.586968e-01 6.636651e-02
1.260265e-01 5.611346e-02
1.000818e-01 5.135912e-02
7.947831e-02 5.204447e-02
6.311638e-02 5.911875e-02
5.012282e-02 7.600507e-02
3.980421e-02 1.078587e-01
3.160985e-02 1.528089e-01
2.510244e-02 2.231022e-01
1.993468e-02 3.022207e-01
1.583080e-02 3.040802e-01
1.257176e-02 1.831148e-01
9.983657e-03 7.144258e-02
7.928355e-03 3.298432e-02
6.296172e-03 1.727644e-02
5.000000e-03 1.094643e-02
