4.000000e+00 9.860512e-03
3.176534e+00 1.533332e-02
2.522591e+00 2.358254e-02
2.003274e+00 3.566327e-02
1.590867e+00 5.258359e-02
1.263360e+00 7.471135e-02
1.003277e+00 1.007750e-01
7.967354e-01 1.268088e-01
6.327142e-01 1.464394e-01
5.024595e-01 1.533583e-01
3.990198e-01 1.452177e-01
3.168750e-01 1.261481e-01
2.516410e-01 1.030173e-01
1.998365e-01 8.212585e-02
1.586968e-01 6.634056e-02
1.260265e-01 5.623757e-02
1.000818e-01 5.128336e-02
7.947831e-02 5.154719e-02
6.311638e-02 5.913677e-02
5.012282e-02 7.669972e-02
3.980421e-02 1.064731e-01
3.160985e-02 1.612590e-01
2.510244e-02 2.339280e-01
1.993468e-02 3.138151e-01
1.583080e-02 2.977299e-01
1.257176e-02 1.643264e-01
9.983657e-03 7.269410e-02
7.928355e-03 3.222274e-02
6.296172e-03 1.750814e-02
5.000000e-03 1.307687e-02
