4.000000e+00 9.860511e-03
3.176534e+00 1.533331e-02
2.522591e+00 2.358255e-02
2.003274e+00 3.566344e-02
1.590867e+00 5.258323e-02
1.263360e+00 7.471161e-02
1.003277e+00 1.007694e-01
7.967354e-01 1.268204e-01
6.327142e-01 1.464433e-01
5.024595e-01 1.533511e-01
3.990198e-01 1.452943e-01
3.168750e-01 1.260131e-01
2.516410e-01 1.029015e-01
1.998365e-01 8.208472e-02
1.586968e-01 6.643267e-02
1.260265e-01 5.633119e-02
1.000818e-01 5.108075e-02
7.947831e-02 5.142523e-02
6.311638e-02 5.896869e-02
5.012282e-02 7.625695e-02
3.980421e-02 1.067506e-01
3.160985e-02 1.574937e-01
2.510244e-02 2.330353e-01
1.993468e-02 3.110170e-01
1.583080e-02 3.031640e-01
1.257176e-02 1.801494e-01
9.983657e-03 7.001184e-02
7.928355e-03 3.650438e-02
6.296172e-03 1.807497e-02
5.000000e-03 1.280601e-02
