4.000000e+00 9.860513e-03
3.176534e+00 1.533331e-02
2.522591e+00 2.358255e-02
2.003274e+00 3.566341e-02
1.590867e+00 5.258279e-02
1.263360e+00 7.471267e-02
1.003277e+00 1.007712e-01
7.967354e-01 1.268225e-01
6.327142e-01 1.464439e-01
5.024595e-01 1.533101e-01
3.990198e-01 1.452754e-01
3.168750e-01 1.260680e-01
2.516410e-01 1.029991e-01
1.998365e-01 8.204485e-02
1.586968e-01 6.650355e-02
1.260265e-01 5.631430e-02
1.000818e-01 5.095777e-02
7.947831e-02 5.103520e-02
6.311638e-02 5.926559e-02
5.012282e-02 7.522235e-02
3.980421e-02 1.068324e-01
3.160985e-02 1.571007e-01
2.510244e-02 2.274512e-01
1.993468e-02 3.031658e-01
1.583080e-02 3.074532e-01
1.257176e-02 1.880146e-01
9.983657e-03 7.948746e-02
7.928355e-03 2.899111e-02
6.296172e-03 1.730773e-02
5.000000e-03 1.116108e-02
