4.000000e+00 9.860510e-03
3.176534e+00 1.533331e-02
2.522591e+00 2.358255e-02
2.003274e+00 3.566352e-02
1.590867e+00 5.258378e-02
1.263360e+00 7.471233e-02
1.003277e+00 1.007701e-01
7.967354e-01 1.268133e-01
6.327142e-01 1.464479e-01
5.024595e-01 1.533657e-01
3.990198e-01 1.453603e-01
3.168750e-01 1.261410e-01
2.516410e-01 1.029143e-01
1.998365e-01 8.207592e-02
1.586968e-01 6.638042e-02
1.260265e-01 5.603684e-02
1.000818e-01 5.116622e-02
7.947831e-02 5.230577e-02
6.311638e-02 5.926811e-02
5.012282e-02 7.774435e-02
3.980421e-02 1.070765e-01
3.160985e-02 1.559706e-01
2.510244e-02 2.384151e-01
1.993468e-02 3.179097e-01
1.583080e-02 2.934095e-01
1.257176e-02 1.703072e-01
9.983657e-03 7.279190e-02
7.928355e-03 2.710016e-02
6.296172e-03 1.268238e-02
5.000000e-03 9.855362e-03
