4.000000e+00 9.860509e-03
3.176534e+00 1.533331e-02
2.522591e+00 2.358258e-02
2.003274e+00 3.566342e-02
1.590867e+00 5.258348e-02
1.263360e+00 7.471102e-02
1.003277e+00 1.007644e-01
7.967354e-01 1.268071e-01
6.327142e-01 1.464403e-01
5.024595e-01 1.533538e-01
3.990198e-01 1.452408e-01
3.168750e-01 1.260271e-01
2.516410e-01 1.029581e-01
1.998365e-01 8.220429e-02
1.586968e-01 6.656340e-02
1.260265e-01 5.648329e-02
1.000818e-01 5.130531e-02
7.947831e-02 5.147659e-02
6.311638e-02 5.854611e-02
5.012282e-02 7.629266e-02
3.980421e-02 1.051581e-01
3.160985e-02 1.555953e-01
2.510244e-02 2.249570e-01
1.993468e-02 3.115674e-01
1.583080e-02 2.953248e-01
1.257176e-02 1.717363e-01
9.983657e-03 7.313445e-02
7.928355e-03 3.541043e-02
6.296172e-03 1.756483e-02
5.000000e-03 1.222949e-02
