4.000000 0.009861 0.000000
3.176534 0.015333 0.000000
2.522591 0.023583 0.000000
2.003274 0.035663 0.000000
1.590867 0.052583 0.000000
1.263360 0.074712 0.000000
1.003277 0.100770 0.000001
0.796735 0.126815 0.000001
0.632714 0.146447 0.000005
0.502459 0.153338 0.000006
0.399020 0.145291 0.000011
0.316875 0.126088 0.000014
0.251641 0.102987 0.000019
0.199837 0.082130 0.000016
0.158697 0.066452 0.000019
0.126027 0.056225 0.000036
0.100082 0.051189 0.000046
0.079478 0.051706 0.000093
0.063116 0.059158 0.000162
0.050123 0.076229 0.000193
0.039804 0.107223 0.000266
0.031610 0.156687 0.000584
0.025102 0.232100 0.001066
0.019935 0.311046 0.001286
0.015831 0.301484 0.001187
0.012572 0.175395 0.001793
0.009984 0.072230 0.001235
0.007928 0.030206 0.000762
0.006296 0.016991 0.000395
0.005000 0.012248 0.000307
