4.000000e+00 9.860513e-03
3.176534e+00 1.533332e-02
2.522591e+00 2.358255e-02
2.003274e+00 3.566336e-02
1.590867e+00 5.258332e-02
1.263360e+00 7.471052e-02
1.003277e+00 1.007691e-01
7.967354e-01 1.268119e-01
6.327142e-01 1.464594e-01
5.024595e-01 1.533343e-01
3.990198e-01 1.452843e-01
3.168750e-01 1.260920e-01
2.516410e-01 1.030938e-01
1.998365e-01 8.218077e-02
1.586968e-01 6.650187e-02
1.260265e-01 5.614665e-02
1.000818e-01 5.097950e-02
7.947831e-02 5.191162e-02
6.311638e-02 5.938790e-02
5.012282e-02 7.576545e-02
3.980421e-02 1.084616e-01
3.160985e-02 1.600998e-01
2.510244e-02 2.380748e-01
1.993468e-02 3.132459e-01
1.583080e-02 3.041999e-01
1.257176e-02 1.685577e-01
9.983657e-03 7.247315e-02
7.928355e-03 3.041043e-02
6.296172e-03 1.549587e-02
5.000000e-03 1.186073e-02
