4.000000e+00 9.860513e-03
3.176534e+00 1.533332e-02
2.522591e+00 2.358257e-02
2.003274e+00 3.566334e-02
1.590867e+00 5.258371e-02
1.263360e+00 7.471144e-02
1.003277e+00 1.007718e-01
7.967354e-01 1.268174e-01
6.327142e-01 1.464710e-01
5.024595e-01 1.533348e-01
3.990198e-01 1.453443e-01
3.168750e-01 1.259862e-01
2.516410e-01 1.029760e-01
1.998365e-01 8.216086e-02
1.586968e-01 6.652789e-02
1.260265e-01 5.615463e-02
1.000818e-01 5.106677e-02
7.947831e-02 5.157786e-02
6.311638e-02 5.933039e-02
5.012282e-02 7.756019e-02
3.980421e-02 1.072801e-01
3.160985e-02 1.552494e-01
2.510244e-02 2.344226e-01
1.993468e-02 3.143136e-01
1.583080e-02 2.961497e-01
1.257176e-02 1.673150e-01
9.983657e-03 6.387945e-02
7.928355e-03 2.741558e-02
6.296172e-03 1.725376e-02
5.000000e-03 1.419241e-02
