4.000000e+00 9.860509e-03
3.176534e+00 1.533332e-02
2.522591e+00 2.358258e-02
2.003274e+00 3.566341e-02
1.590867e+00 5.258406e-02
1.263360e+00 7.471275e-02
1.003277e+00 1.007721e-01
7.967354e-01 1.268161e-01
6.327142e-01 1.464650e-01
5.024595e-01 1.533909e-01
3.990198e-01 1.453490e-01
3.168750e-01 1.260812e-01
2.516410e-01 1.030205e-01
1.998365e-01 8.218176e-02
1.586968e-01 6.637455e-02
1.260265e-01 5.615123e-02
1.000818e-01 5.102999e-02
7.947831e-02 5.109501e-02
6.311638e-02 6.030193e-02
5.012282e-02 7.636559e-02
3.980421e-02 1.077536e-01
3.160985e-02 1.577850e-01
2.510244e-02 2.337881e-01
1.993468e-02 3.148068e-01
1.583080e-02 2.991082e-01
1.257176e-02 1.784956e-01
9.983657e-03 7.394505e-02
7.928355e-03 3.052664e-02
6.296172e-03 1.855459e-02
5.000000e-03 1.261952e-02
