4.000000e+00 9.933931e-03
3.176534e+00 1.544561e-02
2.522591e+00 2.375085e-02
2.003274e+00 3.590755e-02
1.590867e+00 5.292070e-02
1.263360e+00 7.514378e-02
1.003277e+00 1.012637e-01
7.967354e-01 1.273019e-01
6.327142e-01 1.467754e-01
5.024595e-01 1.534588e-01
3.990198e-01 1.451832e-01
3.168750e-01 1.257150e-01
2.516410e-01 1.024073e-01
1.998365e-01 8.149769e-02
1.586968e-01 6.557308e-02
1.260265e-01 5.476782e-02
1.000818e-01 4.936100e-02
7.947831e-02 4.877301e-02
6.311638e-02 5.418563e-02
5.012282e-02 6.918278e-02
3.980421e-02 9.609470e-02
3.160985e-02 1.477414e-01
2.510244e-02 2.209776e-01
1.993468e-02 3.402750e-01
1.583080e-02 3.862104e-01
1.257176e-02 1.970456e-01
9.983657e-03 5.802065e-02
7.928355e-03 1.464670e-02
6.296172e-03 3.701599e-03
5.000000e-03 7.941475e-04
