4.000000 0.009934 0.000000
3.176534 0.015446 0.000000
2.522591 0.023751 0.000000
2.003274 0.035908 0.000000
1.590867 0.052921 0.000000
1.263360 0.075144 0.000000
1.003277 0.101264 0.000000
0.796735 0.127292 0.000001
0.632714 0.146783 0.000004
0.502459 0.153440 0.000007
0.399020 0.145150 0.000008
0.316875 0.125732 0.000012
0.251641 0.102469 0.000015
0.199837 0.081478 0.000017
0.158697 0.065479 0.000020
0.126027 0.054775 0.000017
0.100082 0.048997 0.000056
0.079478 0.048353 0.000085
0.063116 0.053871 0.000118
0.050123 0.068646 0.000141
0.039804 0.097716 0.000275
0.031610 0.147026 0.000366
0.025102 0.222291 0.000719
0.019935 0.328709 0.001511
0.015831 0.364948 0.002383
0.012572 0.201820 0.004140
0.009984 0.065179 0.002629
0.007928 0.017090 0.000931
0.006296 0.004823 0.000295
0.005000 0.001079 0.000109
