4.000000e+00 9.933931e-03
3.176534e+00 1.544561e-02
2.522591e+00 2.375085e-02
2.003274e+00 3.590762e-02
1.590867e+00 5.292110e-02
1.263360e+00 7.514512e-02
1.003277e+00 1.012644e-01
7.967354e-01 1.272978e-01
6.327142e-01 1.467571e-01
5.024595e-01 1.534270e-01
3.990198e-01 1.451438e-01
3.168750e-01 1.257861e-01
2.516410e-01 1.024225e-01
1.998365e-01 8.153143e-02
1.586968e-01 6.545367e-02
1.260265e-01 5.473391e-02
1.000818e-01 4.892004e-02
7.947831e-02 4.836668e-02
6.311638e-02 5.343846e-02
5.012282e-02 6.923424e-02
3.980421e-02 9.902358e-02
3.160985e-02 1.459283e-01
2.510244e-02 2.206933e-01
1.993468e-02 3.275438e-01
1.583080e-02 3.674339e-01
1.257176e-02 2.156834e-01
9.983657e-03 7.551405e-02
7.928355e-03 1.910323e-02
6.296172e-03 4.741506e-03
5.000000e-03 6.949429e-04
