4.000000e+00 9.933935e-03
3.176534e+00 1.544560e-02
2.522591e+00 2.375084e-02
2.003274e+00 3.590757e-02
1.590867e+00 5.292096e-02
1.263360e+00 7.514384e-02
1.003277e+00 1.012658e-01
7.967354e-01 1.272899e-01
6.327142e-01 1.467786e-01
5.024595e-01 1.534799e-01
3.990198e-01 1.451643e-01
3.168750e-01 1.257607e-01
2.516410e-01 1.025041e-01
1.998365e-01 8.140936e-02
1.586968e-01 6.544403e-02
1.260265e-01 5.469109e-02
1.000818e-01 4.892285e-02
7.947831e-02 4.775515e-02
6.311638e-02 5.411878e-02
5.012282e-02 6.759721e-02
3.980421e-02 9.713742e-02
3.160985e-02 1.480186e-01
2.510244e-02 2.255895e-01
1.993468e-02 3.283036e-01
1.583080e-02 3.685676e-01
1.257176e-02 1.808925e-01
9.983657e-03 5.805451e-02
7.928355e-03 1.506572e-02
6.296172e-03 4.524366e-03
5.000000e-03 9.364853e-04
