4.000000e+00 9.933934e-03
3.176534e+00 1.544562e-02
2.522591e+00 2.375082e-02
2.003274e+00 3.590763e-02
1.590867e+00 5.292076e-02
1.263360e+00 7.514276e-02
1.003277e+00 1.012625e-01
7.967354e-01 1.272791e-01
6.327142e-01 1.467903e-01
5.024595e-01 1.534374e-01
3.990198e-01 1.451062e-01
3.168750e-01 1.257440e-01
2.516410e-01 1.024586e-01
1.998365e-01 8.146404e-02
1.586968e-01 6.538599e-02
1.260265e-01 5.479096e-02
1.000818e-01 4.884022e-02
7.947831e-02 4.841258e-02
6.311638e-02 5.322313e-02
5.012282e-02 6.874599e-02
3.980421e-02 9.861756e-02
3.160985e-02 1.457192e-01
2.510244e-02 2.242538e-01
1.993468e-02 3.322092e-01
1.583080e-02 3.695913e-01
1.257176e-02 2.123880e-01
9.983657e-03 6.921137e-02
7.928355e-03 1.805957e-02
6.296172e-03 5.918413e-03
5.000000e-03 5.957185e-04
