4.000000e+00 9.933929e-03
3.176534e+00 1.544562e-02
2.522591e+00 2.375083e-02
2.003274e+00 3.590769e-02
1.590867e+00 5.292090e-02
1.263360e+00 7.514489e-02
1.003277e+00 1.012629e-01
7.967354e-01 1.272994e-01
6.327142e-01 1.467811e-01
5.024595e-01 1.533920e-01
3.990198e-01 1.451289e-01
3.168750e-01 1.256652e-01
2.516410e-01 1.024381e-01
1.998365e-01 8.155712e-02
1.586968e-01 6.552906e-02
1.260265e-01 5.484025e-02
1.000818e-01 4.875655e-02
7.947831e-02 4.920412e-02
6.311638e-02 5.345658e-02
5.012282e-02 6.928706e-02
3.980421e-02 9.688852e-02
3.160985e-02 1.437519e-01
2.510244e-02 2.273905e-01
1.993468e-02 3.304708e-01
1.583080e-02 3.850499e-01
1.257176e-02 1.912913e-01
9.983657e-03 5.725991e-02
7.928355e-03 1.412871e-02
6.296172e-03 4.941359e-03
5.000000e-03 1.835282e-03
