4.000000e+00 9.933931e-03
3.176534e+00 1.544561e-02
2.522591e+00 2.375083e-02
2.003274e+00 3.590749e-02
1.590867e+00 5.292071e-02
1.263360e+00 7.514395e-02
1.003277e+00 1.012652e-01
7.967354e-01 1.272902e-01
6.327142e-01 1.467542e-01
5.024595e-01 1.534506e-01
3.990198e-01 1.452036e-01
3.168750e-01 1.258095e-01
2.516410e-01 1.023729e-01
1.998365e-01 8.150070e-02
1.586968e-01 6.552723e-02
1.260265e-01 5.472010e-02
1.000818e-01 4.897954e-02
7.947831e-02 4.859116e-02
6.311638e-02 5.375205e-02
5.012282e-02 6.806792e-02
3.980421e-02 9.899415e-02
3.160985e-02 1.465589e-01
2.510244e-02 2.241179e-01
1.993468e-02 3.229928e-01
1.583080e-02 3.532761e-01
1.257176e-02 2.130079e-01
9.983657e-03 6.392246e-02
7.928355e-03 1.574714e-02
6.296172e-03 3.938858e-03
5.000000e-03 5.957185e-04
