4.000000e+00 9.933931e-03
3.176534e+00 1.544561e-02
2.522591e+00 2.375085e-02
2.003274e+00 3.590764e-02
1.590867e+00 5.292096e-02
1.263360e+00 7.514354e-02
1.003277e+00 1.012622e-01
7.967354e-01 1.272879e-01
6.327142e-01 1.467913e-01
5.024595e-01 1.534576e-01
3.990198e-01 1.451100e-01
3.168750e-01 1.257931e-01
2.516410e-01 1.024568e-01
1.998365e-01 8.150221e-02
1.586968e-01 6.547109e-02
1.260265e-01 5.491334e-02
1.000818e-01 4.926577e-02
7.947831e-02 4.806826e-02
6.311638e-02 5.351585e-02
5.012282e-02 6.810015e-02
3.980421e-02 9.970631e-02
3.160985e-02 1.449457e-01
2.510244e-02 2.221100e-01
1.993468e-02 3.271983e-01
1.583080e-02 3.550095e-01
1.257176e-02 1.899211e-01
9.983657e-03 6.246503e-02
7.928355e-03 1.560058e-02
6.296172e-03 4.115927e-03
5.000000e-03 1.221142e-03
