4.000000e+00 9.933931e-03
3.176534e+00 1.544562e-02
2.522591e+00 2.375085e-02
2.003274e+00 3.590761e-02
1.590867e+00 5.292088e-02
1.263360e+00 7.514352e-02
1.003277e+00 1.012657e-01
7.967354e-01 1.272942e-01
6.327142e-01 1.468016e-01
5.024595e-01 1.534131e-01
3.990198e-01 1.451327e-01
3.168750e-01 1.257216e-01
2.516410e-01 1.025234e-01
1.998365e-01 8.139203e-02
1.586968e-01 6.559880e-02
1.260265e-01 5.482622e-02
1.000818e-01 4.929605e-02
7.947831e-02 4.824012e-02
6.311638e-02 5.399653e-02
5.012282e-02 6.922194e-02
3.980421e-02 9.654179e-02
3.160985e-02 1.469960e-01
2.510244e-02 2.199009e-01
1.993468e-02 3.211749e-01
1.583080e-02 3.640162e-01
1.257176e-02 2.159152e-01
9.983657e-03 7.654021e-02
7.928355e-03 1.793662e-02
6.296172e-03 5.842473e-03
5.000000e-03 7.941474e-04
