4.000000e+00 9.933933e-03
3.176534e+00 1.544562e-02
2.522591e+00 2.375084e-02
2.003274e+00 3.590757e-02
1.590867e+00 5.292087e-02
1.263360e+00 7.514486e-02
1.003277e+00 1.012630e-01
7.967354e-01 1.272936e-01
6.327142e-01 1.467861e-01
5.024595e-01 1.534683e-01
3.990198e-01 1.451467e-01
3.168750e-01 1.257218e-01
2.516410e-01 1.024189e-01
1.998365e-01 8.150104e-02
1.586968e-01 6.550757e-02
1.260265e-01 5.475693e-02
1.000818e-01 4.877975e-02
7.947831e-02 4.819995e-02
6.311638e-02 5.478256e-02
5.012282e-02 6.786301e-02
3.980421e-02 9.849473e-02
3.160985e-02 1.485333e-01
2.510244e-02 2.184356e-01
1.993468e-02 3.161659e-01
1.583080e-02 3.637119e-01
1.257176e-02 2.326760e-01
9.983657e-03 9.008077e-02
7.928355e-03 2.677930e-02
6.296172e-03 6.963417e-03
5.000000e-03 1.884086e-03
