4.000000e+00 9.933931e-03
3.176534e+00 1.544562e-02
2.522591e+00 2.375081e-02
2.003274e+00 3.590763e-02
1.590867e+00 5.292069e-02
1.263360e+00 7.514363e-02
1.003277e+00 1.012639e-01
7.967354e-01 1.272900e-01
6.327142e-01 1.467868e-01
5.024595e-01 1.534230e-01
3.990198e-01 1.450977e-01
3.168750e-01 1.257563e-01
2.516410e-01 1.024395e-01
1.998365e-01 8.142588e-02
1.586968e-01 6.533755e-02
1.260265e-01 5.486627e-02
1.000818e-01 4.887269e-02
7.947831e-02 4.832609e-02
6.311638e-02 5.372401e-02
5.012282e-02 6.809058e-02
3.980421e-02 9.775359e-02
3.160985e-02 1.465947e-01
2.510244e-02 2.253240e-01
1.993468e-02 3.263449e-01
1.583080e-02 3.587537e-01
1.257176e-02 2.000492e-01
9.983657e-03 6.282576e-02
7.928355e-03 1.860289e-02
6.296172e-03 5.707699e-03
5.000000e-03 1.141589e-03
