4.000000e+00 9.933932e-03
3.176534e+00 1.544562e-02
2.522591e+00 2.375082e-02
2.003274e+00 3.590756e-02
1.590867e+00 5.292093e-02
1.263360e+00 7.514403e-02
1.003277e+00 1.012643e-01
7.967354e-01 1.272886e-01
6.327142e-01 1.467935e-01
5.024595e-01 1.534623e-01
3.990198e-01 1.451578e-01
3.168750e-01 1.257585e-01
2.516410e-01 1.024674e-01
1.998365e-01 8.155622e-02
1.586968e-01 6.548187e-02
1.260265e-01 5.486807e-02
1.000818e-01 4.862276e-02
7.947831e-02 4.851515e-02
6.311638e-02 5.480619e-02
5.012282e-02 6.869448e-02
3.980421e-02 9.768801e-02
3.160985e-02 1.481781e-01
2.510244e-02 2.241653e-01
1.993468e-02 3.389965e-01
1.583080e-02 3.649807e-01
1.257176e-02 1.713216e-01
9.983657e-03 5.107557e-02
7.928355e-03 1.070277e-02
6.296172e-03 2.568956e-03
5.000000e-03 4.964741e-04
