4.000000e+00 9.933933e-03
3.176534e+00 1.544561e-02
2.522591e+00 2.375082e-02
2.003274e+00 3.590761e-02
1.590867e+00 5.292098e-02
1.263360e+00 7.514469e-02
1.003277e+00 1.012656e-01
7.967354e-01 1.272892e-01
6.327142e-01 1.467834e-01
5.024595e-01 1.534177e-01
3.990198e-01 1.451217e-01
3.168750e-01 1.257471e-01
2.516410e-01 1.025836e-01
1.998365e-01 8.154151e-02
1.586968e-01 6.536281e-02
1.260265e-01 5.469156e-02
1.000818e-01 4.921794e-02
7.947831e-02 4.836807e-02
6.311638e-02 5.388330e-02
5.012282e-02 6.930430e-02
3.980421e-02 9.665242e-02
3.160985e-02 1.488332e-01
2.510244e-02 2.235562e-01
1.993468e-02 3.313003e-01
1.583080e-02 3.632206e-01
1.257176e-02 2.269817e-01
9.983657e-03 7.900031e-02
7.928355e-03 1.941532e-02
6.296172e-03 6.165577e-03
5.000000e-03 1.190767e-03
