4.000000e+00 9.933930e-03
3.176534e+00 1.544561e-02
2.522591e+00 2.375083e-02
2.003274e+00 3.590758e-02
1.590867e+00 5.292118e-02
1.263360e+00 7.514376e-02
1.003277e+00 1.012638e-01
7.967354e-01 1.272852e-01
6.327142e-01 1.467614e-01
5.024595e-01 1.534051e-01
3.990198e-01 1.451712e-01
3.168750e-01 1.257230e-01
2.516410e-01 1.025879e-01
1.998365e-01 8.154120e-02
1.586968e-01 6.551659e-02
1.260265e-01 5.477930e-02
1.000818e-01 4.890250e-02
7.947831e-02 4.788938e-02
6.311638e-02 5.327906e-02
5.012282e-02 6.890394e-02
3.980421e-02 9.743492e-02
3.160985e-02 1.476161e-01
2.510244e-02 2.205854e-01
1.993468e-02 3.252115e-01
1.583080e-02 3.655119e-01
1.257176e-02 1.961798e-01
9.983657e-03 5.347669e-02
7.928355e-03 1.280380e-02
6.296172e-03 3.704210e-03
5.000000e-03 9.693208e-04
