4.000000e+00 9.933930e-03
3.176534e+00 1.544561e-02
2.522591e+00 2.375079e-02
2.003274e+00 3.590761e-02
1.590867e+00 5.292109e-02
1.263360e+00 7.514456e-02
1.003277e+00 1.012653e-01
7.967354e-01 1.272982e-01
6.327142e-01 1.467942e-01
5.024595e-01 1.534787e-01
3.990198e-01 1.451995e-01
3.168750e-01 1.256713e-01
2.516410e-01 1.024394e-01
1.998365e-01 8.147905e-02
1.586968e-01 6.555824e-02
1.260265e-01 5.472435e-02
1.000818e-01 4.905664e-02
7.947831e-02 4.822997e-02
6.311638e-02 5.383704e-02
5.012282e-02 6.893266e-02
3.980421e-02 9.703375e-02
3.160985e-02 1.490391e-01
2.510244e-02 2.221290e-01
1.993468e-02 3.301784e-01
1.583080e-02 3.568080e-01
1.257176e-02 1.880938e-01
9.983657e-03 5.927161e-02
7.928355e-03 1.542402e-02
6.296172e-03 4.374170e-03
5.000000e-03 1.091642e-03
