4.000000e+00 9.933932e-03
3.176534e+00 1.544561e-02
2.522591e+00 2.375081e-02
2.003274e+00 3.590754e-02
1.590867e+00 5.292114e-02
1.263360e+00 7.514395e-02
1.003277e+00 1.012652e-01
7.967354e-01 1.272981e-01
6.327142e-01 1.467941e-01
5.024595e-01 1.534411e-01
3.990198e-01 1.451542e-01
3.168750e-01 1.256425e-01
2.516410e-01 1.024889e-01
1.998365e-01 8.130533e-02
1.586968e-01 6.537634e-02
1.260265e-01 5.472189e-02
1.000818e-01 4.888645e-02
7.947831e-02 4.822729e-02
6.311638e-02 5.367254e-02
5.012282e-02 6.878126e-02
3.980421e-02 9.652877e-02
3.160985e-02 1.462429e-01
2.510244e-02 2.162325e-01
1.993468e-02 3.283503e-01
1.583080e-02 3.628231e-01
1.257176e-02 2.017231e-01
9.983657e-03 6.739464e-02
7.928355e-03 2.072993e-02
6.296172e-03 6.034351e-03
5.000000e-03 1.693031e-03
