4.000000e+00 1.003182e-02
3.176534e+00 1.559535e-02
2.522591e+00 2.397518e-02
2.003274e+00 3.623321e-02
1.590867e+00 5.337042e-02
1.263360e+00 7.572092e-02
1.003277e+00 1.019230e-01
7.967354e-01 1.279241e-01
6.327142e-01 1.472281e-01
5.024595e-01 1.535678e-01
3.990198e-01 1.449168e-01
3.168750e-01 1.252800e-01
2.516410e-01 1.018992e-01
1.998365e-01 8.091923e-02
1.586968e-01 6.508764e-02
1.260265e-01 5.432361e-02
1.000818e-01 4.834272e-02
7.947831e-02 4.729316e-02
6.311638e-02 5.307664e-02
5.012282e-02 6.709919e-02
3.980421e-02 9.417820e-02
3.160985e-02 1.396007e-01
2.510244e-02 1.936576e-01
1.993468e-02 2.559710e-01
1.583080e-02 2.875659e-01
1.257176e-02 3.122891e-01
9.983657e-03 8.612153e-02
7.928355e-03 1.550241e-02
6.296172e-03 4.374473e-03
5.000000e-03 3.003790e-03
