4.000000e+00 1.003183e-02
3.176534e+00 1.559535e-02
2.522591e+00 2.397518e-02
2.003274e+00 3.623322e-02
1.590867e+00 5.337070e-02
1.263360e+00 7.572136e-02
1.003277e+00 1.019232e-01
7.967354e-01 1.279317e-01
6.327142e-01 1.472364e-01
5.024595e-01 1.535917e-01
3.990198e-01 1.449402e-01
3.168750e-01 1.252513e-01
2.516410e-01 1.018647e-01
1.998365e-01 8.092232e-02
1.586968e-01 6.501423e-02
1.260265e-01 5.435584e-02
1.000818e-01 4.848489e-02
7.947831e-02 4.732334e-02
6.311638e-02 5.239632e-02
5.012282e-02 6.619901e-02
3.980421e-02 9.191508e-02
3.160985e-02 1.404216e-01
2.510244e-02 1.994727e-01
1.993468e-02 2.596056e-01
1.583080e-02 2.841261e-01
1.257176e-02 2.692424e-01
9.983657e-03 1.249530e-01
7.928355e-03 3.778959e-02
6.296172e-03 7.834283e-03
5.000000e-03 4.470144e-03
