4.000000e+00 1.003182e-02
3.176534e+00 1.559535e-02
2.522591e+00 2.397519e-02
2.003274e+00 3.623321e-02
1.590867e+00 5.337068e-02
1.263360e+00 7.572065e-02
1.003277e+00 1.019234e-01
7.967354e-01 1.279259e-01
6.327142e-01 1.472354e-01
5.024595e-01 1.535619e-01
3.990198e-01 1.449340e-01
3.168750e-01 1.252603e-01
2.516410e-01 1.019308e-01
1.998365e-01 8.092612e-02
1.586968e-01 6.496642e-02
1.260265e-01 5.433605e-02
1.000818e-01 4.848121e-02
7.947831e-02 4.743934e-02
6.311638e-02 5.226511e-02
5.012282e-02 6.486774e-02
3.980421e-02 9.255146e-02
3.160985e-02 1.395153e-01
2.510244e-02 1.989682e-01
1.993468e-02 2.598438e-01
1.583080e-02 2.943341e-01
1.257176e-02 2.876926e-01
9.983657e-03 1.025784e-01
7.928355e-03 1.514591e-02
6.296172e-03 3.863099e-03
5.000000e-03 4.056092e-03
