4.000000e+00 1.003183e-02
3.176534e+00 1.559535e-02
2.522591e+00 2.397516e-02
2.003274e+00 3.623324e-02
1.590867e+00 5.337086e-02
1.263360e+00 7.572072e-02
1.003277e+00 1.019253e-01
7.967354e-01 1.279298e-01
6.327142e-01 1.472409e-01
5.024595e-01 1.535636e-01
3.990198e-01 1.449345e-01
3.168750e-01 1.252390e-01
2.516410e-01 1.019075e-01
1.998365e-01 8.093635e-02
1.586968e-01 6.503878e-02
1.260265e-01 5.426281e-02
1.000818e-01 4.837017e-02
7.947831e-02 4.748487e-02
6.311638e-02 5.226606e-02
5.012282e-02 6.627822e-02
3.980421e-02 9.383248e-02
3.160985e-02 1.388131e-01
2.510244e-02 1.998148e-01
1.993468e-02 2.543311e-01
1.583080e-02 2.887404e-01
1.257176e-02 2.766980e-01
9.983657e-03 1.491624e-01
7.928355e-03 3.390646e-02
6.296172e-03 7.553154e-03
5.000000e-03 3.533903e-03
