4.000000e+00 1.003183e-02
3.176534e+00 1.559535e-02
2.522591e+00 2.397517e-02
2.003274e+00 3.623320e-02
1.590867e+00 5.337067e-02
1.263360e+00 7.572031e-02
1.003277e+00 1.019255e-01
7.967354e-01 1.279231e-01
6.327142e-01 1.472373e-01
5.024595e-01 1.535785e-01
3.990198e-01 1.449253e-01
3.168750e-01 1.252680e-01
2.516410e-01 1.018964e-01
1.998365e-01 8.095774e-02
1.586968e-01 6.504468e-02
1.260265e-01 5.423075e-02
1.000818e-01 4.820865e-02
7.947831e-02 4.704893e-02
6.311638e-02 5.313697e-02
5.012282e-02 6.644461e-02
3.980421e-02 9.333767e-02
3.160985e-02 1.386582e-01
2.510244e-02 1.989857e-01
1.993468e-02 2.554174e-01
1.583080e-02 2.884805e-01
1.257176e-02 2.745848e-01
9.983657e-03 1.309137e-01
7.928355e-03 2.249236e-02
6.296172e-03 6.237013e-03
5.000000e-03 4.019148e-03
