4.000000e+00 1.003182e-02
3.176534e+00 1.559535e-02
2.522591e+00 2.397517e-02
2.003274e+00 3.623322e-02
1.590867e+00 5.337073e-02
1.263360e+00 7.572088e-02
1.003277e+00 1.019259e-01
7.967354e-01 1.279273e-01
6.327142e-01 1.472391e-01
5.024595e-01 1.535810e-01
3.990198e-01 1.449202e-01
3.168750e-01 1.252829e-01
2.516410e-01 1.019054e-01
1.998365e-01 8.095429e-02
1.586968e-01 6.508539e-02
1.260265e-01 5.425798e-02
1.000818e-01 4.825624e-02
7.947831e-02 4.742737e-02
6.311638e-02 5.267219e-02
5.012282e-02 6.561428e-02
3.980421e-02 9.380277e-02
3.160985e-02 1.384043e-01
2.510244e-02 1.966572e-01
1.993468e-02 2.564211e-01
1.583080e-02 2.784369e-01
1.257176e-02 2.691128e-01
9.983657e-03 1.566557e-01
7.928355e-03 3.372641e-02
6.296172e-03 8.397403e-03
5.000000e-03 3.314605e-03
