4.000000e+00 1.003183e-02
3.176534e+00 1.559535e-02
2.522591e+00 2.397518e-02
2.003274e+00 3.623311e-02
1.590867e+00 5.337067e-02
1.263360e+00 7.572120e-02
1.003277e+00 1.019227e-01
7.967354e-01 1.279243e-01
6.327142e-01 1.472382e-01
5.024595e-01 1.535832e-01
3.990198e-01 1.449100e-01
3.168750e-01 1.252317e-01
2.516410e-01 1.019174e-01
1.998365e-01 8.095693e-02
1.586968e-01 6.495856e-02
1.260265e-01 5.402426e-02
1.000818e-01 4.809269e-02
7.947831e-02 4.714788e-02
6.311638e-02 5.281815e-02
5.012282e-02 6.614315e-02
3.980421e-02 9.302121e-02
3.160985e-02 1.387971e-01
2.510244e-02 1.966872e-01
1.993468e-02 2.493886e-01
1.583080e-02 2.794330e-01
1.257176e-02 2.675325e-01
9.983657e-03 1.391756e-01
7.928355e-03 3.480760e-02
6.296172e-03 7.296138e-03
5.000000e-03 4.636431e-03
