4.000000e+00 1.003183e-02
3.176534e+00 1.559534e-02
2.522591e+00 2.397518e-02
2.003274e+00 3.623317e-02
1.590867e+00 5.337063e-02
1.263360e+00 7.572064e-02
1.003277e+00 1.019242e-01
7.967354e-01 1.279267e-01
6.327142e-01 1.472350e-01
5.024595e-01 1.535756e-01
3.990198e-01 1.449502e-01
3.168750e-01 1.253053e-01
2.516410e-01 1.019331e-01
1.998365e-01 8.091761e-02
1.586968e-01 6.498971e-02
1.260265e-01 5.440841e-02
1.000818e-01 4.848829e-02
7.947831e-02 4.706120e-02
6.311638e-02 5.290690e-02
5.012282e-02 6.542063e-02
3.980421e-02 9.392326e-02
3.160985e-02 1.365013e-01
2.510244e-02 1.997346e-01
1.993468e-02 2.545247e-01
1.583080e-02 2.818558e-01
1.257176e-02 2.865205e-01
9.983657e-03 1.470635e-01
7.928355e-03 5.271867e-02
6.296172e-03 9.702789e-03
5.000000e-03 5.222671e-03
