4.000000e+00 1.003182e-02
3.176534e+00 1.559535e-02
2.522591e+00 2.397517e-02
2.003274e+00 3.623316e-02
1.590867e+00 5.337066e-02
1.263360e+00 7.572015e-02
1.003277e+00 1.019232e-01
7.967354e-01 1.279260e-01
6.327142e-01 1.472349e-01
5.024595e-01 1.535779e-01
3.990198e-01 1.449382e-01
3.168750e-01 1.252870e-01
2.516410e-01 1.019062e-01
1.998365e-01 8.091853e-02
1.586968e-01 6.499566e-02
1.260265e-01 5.434453e-02
1.000818e-01 4.815900e-02
7.947831e-02 4.709332e-02
6.311638e-02 5.254056e-02
5.012282e-02 6.654936e-02
3.980421e-02 9.399250e-02
3.160985e-02 1.367979e-01
2.510244e-02 1.979484e-01
1.993468e-02 2.519872e-01
1.583080e-02 2.900827e-01
1.257176e-02 2.581600e-01
9.983657e-03 1.294072e-01
7.928355e-03 2.307023e-02
6.296172e-03 7.303440e-03
5.000000e-03 5.375720e-03
