4.000000e+00 1.003182e-02
3.176534e+00 1.559535e-02
2.522591e+00 2.397518e-02
2.003274e+00 3.623317e-02
1.590867e+00 5.337059e-02
1.263360e+00 7.572134e-02
1.003277e+00 1.019270e-01
7.967354e-01 1.279322e-01
6.327142e-01 1.472290e-01
5.024595e-01 1.535605e-01
3.990198e-01 1.449215e-01
3.168750e-01 1.253094e-01
2.516410e-01 1.019313e-01
1.998365e-01 8.093647e-02
1.586968e-01 6.507511e-02
1.260265e-01 5.436001e-02
1.000818e-01 4.845231e-02
7.947831e-02 4.734349e-02
6.311638e-02 5.229225e-02
5.012282e-02 6.640056e-02
3.980421e-02 9.402083e-02
3.160985e-02 1.375734e-01
2.510244e-02 1.983760e-01
1.993468e-02 2.594302e-01
1.583080e-02 2.895014e-01
1.257176e-02 2.500342e-01
9.983657e-03 1.726297e-01
7.928355e-03 9.007525e-02
6.296172e-03 1.688367e-02
5.000000e-03 4.303449e-03
