4.000000e+00 1.003182e-02
3.176534e+00 1.559535e-02
2.522591e+00 2.397517e-02
2.003274e+00 3.623317e-02
1.590867e+00 5.337076e-02
1.263360e+00 7.572118e-02
1.003277e+00 1.019232e-01
7.967354e-01 1.279302e-01
6.327142e-01 1.472324e-01
5.024595e-01 1.535780e-01
3.990198e-01 1.448862e-01
3.168750e-01 1.252966e-01
2.516410e-01 1.019197e-01
1.998365e-01 8.096197e-02
1.586968e-01 6.500406e-02
1.260265e-01 5.421455e-02
1.000818e-01 4.819001e-02
7.947831e-02 4.723198e-02
6.311638e-02 5.186622e-02
5.012282e-02 6.642433e-02
3.980421e-02 9.373755e-02
3.160985e-02 1.384522e-01
2.510244e-02 1.990570e-01
1.993468e-02 2.540326e-01
1.583080e-02 2.841844e-01
1.257176e-02 2.664972e-01
9.983657e-03 1.326305e-01
7.928355e-03 1.849880e-02
6.296172e-03 4.676071e-03
5.000000e-03 3.492029e-03
