4.000000e+00 1.003182e-02
3.176534e+00 1.559535e-02
2.522591e+00 2.397519e-02
2.003274e+00 3.623318e-02
1.590867e+00 5.337065e-02
1.263360e+00 7.572044e-02
1.003277e+00 1.019246e-01
7.967354e-01 1.279250e-01
6.327142e-01 1.472294e-01
5.024595e-01 1.535898e-01
3.990198e-01 1.449138e-01
3.168750e-01 1.252726e-01
2.516410e-01 1.019520e-01
1.998365e-01 8.089192e-02
1.586968e-01 6.507034e-02
1.260265e-01 5.427482e-02
1.000818e-01 4.827193e-02
7.947831e-02 4.723771e-02
6.311638e-02 5.246476e-02
5.012282e-02 6.629767e-02
3.980421e-02 9.208977e-02
3.160985e-02 1.431530e-01
2.510244e-02 1.997345e-01
1.993468e-02 2.587796e-01
1.583080e-02 2.855053e-01
1.257176e-02 2.744639e-01
9.983657e-03 1.407601e-01
7.928355e-03 2.781810e-02
6.296172e-03 5.296546e-03
5.000000e-03 3.066404e-03
