4.000000e+00 1.003182e-02
3.176534e+00 1.559535e-02
2.522591e+00 2.397518e-02
2.003274e+00 3.623326e-02
1.590867e+00 5.337079e-02
1.263360e+00 7.572101e-02
1.003277e+00 1.019261e-01
7.967354e-01 1.279249e-01
6.327142e-01 1.472315e-01
5.024595e-01 1.535828e-01
3.990198e-01 1.449430e-01
3.168750e-01 1.252905e-01
2.516410e-01 1.019293e-01
1.998365e-01 8.099772e-02
1.586968e-01 6.503771e-02
1.260265e-01 5.431022e-02
1.000818e-01 4.824453e-02
7.947831e-02 4.704428e-02
6.311638e-02 5.240757e-02
5.012282e-02 6.649384e-02
3.980421e-02 9.369464e-02
3.160985e-02 1.411941e-01
2.510244e-02 2.016862e-01
1.993468e-02 2.558500e-01
1.583080e-02 2.887465e-01
1.257176e-02 2.540398e-01
9.983657e-03 1.497229e-01
7.928355e-03 2.578773e-02
6.296172e-03 6.117546e-03
5.000000e-03 4.150665e-03
