4.000000 0.010032 0.000000
3.176534 0.015595 0.000000
2.522591 0.023975 0.000000
2.003274 0.036233 0.000000
1.590867 0.053371 0.000000
1.263360 0.075721 0.000000
1.003277 0.101924 0.000000
0.796735 0.127926 0.000001
0.632714 0.147234 0.000001
0.502459 0.153577 0.000002
0.399020 0.144927 0.000004
0.316875 0.125278 0.000006
0.251641 0.101917 0.000006
0.199837 0.080945 0.000008
0.158697 0.065033 0.000010
0.126027 0.054271 0.000027
0.100082 0.048336 0.000044
0.079478 0.047218 0.000044
0.063116 0.052431 0.000106
0.050123 0.066146 0.000181
0.039804 0.093263 0.000193
0.031610 0.138916 0.000432
0.025102 0.198603 0.000649
0.019935 0.255948 0.000734
0.015831 0.286784 0.001160
0.012572 0.272803 0.003740
0.009984 0.138026 0.005297
0.007928 0.033290 0.004737
0.006296 0.007738 0.000989
0.005000 0.003944 0.000213
