4.000000e+00 9.701888e-03
3.176534e+00 1.509067e-02
2.522591e+00 2.321896e-02
2.003274e+00 3.513594e-02
1.590867e+00 5.185539e-02
1.263360e+00 7.377662e-02
1.003277e+00 9.969758e-02
7.967354e-01 1.258079e-01
6.327142e-01 1.457097e-01
5.024595e-01 1.530773e-01
3.990198e-01 1.458333e-01
3.168750e-01 1.273479e-01
2.516410e-01 1.050371e-01
1.998365e-01 8.554667e-02
1.586968e-01 7.191520e-02
1.260265e-01 6.509297e-02
1.000818e-01 6.486382e-02
7.947831e-02 7.497236e-02
6.311638e-02 9.069712e-02
5.012282e-02 1.135300e-01
3.980421e-02 1.408952e-01
3.160985e-02 1.613835e-01
2.510244e-02 1.704627e-01
1.993468e-02 1.680690e-01
1.583080e-02 1.621463e-01
1.257176e-02 1.510272e-01
9.983657e-03 1.296645e-01
7.928355e-03 9.849107e-02
6.296172e-03 5.641649e-02
5.000000e-03 2.824908e-02
