4.000000e+00 9.701887e-03
3.176534e+00 1.509069e-02
2.522591e+00 2.321909e-02
2.003274e+00 3.513579e-02
1.590867e+00 5.185516e-02
1.263360e+00 7.377649e-02
1.003277e+00 9.970585e-02
7.967354e-01 1.257859e-01
6.327142e-01 1.457174e-01
5.024595e-01 1.532305e-01
3.990198e-01 1.457992e-01
3.168750e-01 1.273103e-01
2.516410e-01 1.050912e-01
1.998365e-01 8.573991e-02
1.586968e-01 7.141738e-02
1.260265e-01 6.518995e-02
1.000818e-01 6.502565e-02
7.947831e-02 7.415878e-02
6.311638e-02 9.136857e-02
5.012282e-02 1.152241e-01
3.980421e-02 1.414914e-01
3.160985e-02 1.602660e-01
2.510244e-02 1.697044e-01
1.993468e-02 1.691286e-01
1.583080e-02 1.644044e-01
1.257176e-02 1.554421e-01
9.983657e-03 1.333069e-01
7.928355e-03 1.006580e-01
6.296172e-03 6.336877e-02
5.000000e-03 3.233816e-02
