4.000000e+00 9.701889e-03
3.176534e+00 1.509069e-02
2.522591e+00 2.321899e-02
2.003274e+00 3.513580e-02
1.590867e+00 5.185504e-02
1.263360e+00 7.377734e-02
1.003277e+00 9.969227e-02
7.967354e-01 1.257894e-01
6.327142e-01 1.457192e-01
5.024595e-01 1.532575e-01
3.990198e-01 1.458341e-01
3.168750e-01 1.274481e-01
2.516410e-01 1.050490e-01
1.998365e-01 8.572950e-02
1.586968e-01 7.189969e-02
1.260265e-01 6.533545e-02
1.000818e-01 6.469618e-02
7.947831e-02 7.353076e-02
6.311638e-02 9.049594e-02
5.012282e-02 1.169515e-01
3.980421e-02 1.427582e-01
3.160985e-02 1.609905e-01
2.510244e-02 1.676216e-01
1.993468e-02 1.684396e-01
1.583080e-02 1.635889e-01
1.257176e-02 1.513096e-01
9.983657e-03 1.324841e-01
7.928355e-03 9.462664e-02
6.296172e-03 5.939010e-02
5.000000e-03 3.426667e-02
