4.000000e+00 9.701884e-03
3.176534e+00 1.509071e-02
2.522591e+00 2.321906e-02
2.003274e+00 3.513610e-02
1.590867e+00 5.185504e-02
1.263360e+00 7.377554e-02
1.003277e+00 9.970139e-02
7.967354e-01 1.257877e-01
6.327142e-01 1.457092e-01
5.024595e-01 1.531587e-01
3.990198e-01 1.458720e-01
3.168750e-01 1.275886e-01
2.516410e-01 1.051862e-01
1.998365e-01 8.583375e-02
1.586968e-01 7.187012e-02
1.260265e-01 6.454137e-02
1.000818e-01 6.552504e-02
7.947831e-02 7.185829e-02
6.311638e-02 8.976056e-02
5.012282e-02 1.161183e-01
3.980421e-02 1.429570e-01
3.160985e-02 1.639166e-01
2.510244e-02 1.720419e-01
1.993468e-02 1.712086e-01
1.583080e-02 1.588527e-01
1.257176e-02 1.505110e-01
9.983657e-03 1.305465e-01
7.928355e-03 1.030263e-01
6.296172e-03 6.512432e-02
5.000000e-03 3.537230e-02
