4.000000e+00 9.701888e-03
3.176534e+00 1.509070e-02
2.522591e+00 2.321894e-02
2.003274e+00 3.513584e-02
1.590867e+00 5.185503e-02
1.263360e+00 7.377919e-02
1.003277e+00 9.970449e-02
7.967354e-01 1.257953e-01
6.327142e-01 1.456679e-01
5.024595e-01 1.531980e-01
3.990198e-01 1.459510e-01
3.168750e-01 1.274957e-01
2.516410e-01 1.050473e-01
1.998365e-01 8.556089e-02
1.586968e-01 7.142691e-02
1.260265e-01 6.529467e-02
1.000818e-01 6.590951e-02
7.947831e-02 7.428328e-02
6.311638e-02 8.954862e-02
5.012282e-02 1.146221e-01
3.980421e-02 1.438860e-01
3.160985e-02 1.609343e-01
2.510244e-02 1.695162e-01
1.993468e-02 1.670153e-01
1.583080e-02 1.617273e-01
1.257176e-02 1.536585e-01
9.983657e-03 1.341723e-01
7.928355e-03 1.040048e-01
6.296172e-03 6.660003e-02
5.000000e-03 3.783678e-02
