4.000000e+00 9.701889e-03
3.176534e+00 1.509069e-02
2.522591e+00 2.321902e-02
2.003274e+00 3.513558e-02
1.590867e+00 5.185493e-02
1.263360e+00 7.377909e-02
1.003277e+00 9.970565e-02
7.967354e-01 1.257704e-01
6.327142e-01 1.456428e-01
5.024595e-01 1.531301e-01
3.990198e-01 1.456803e-01
3.168750e-01 1.273140e-01
2.516410e-01 1.051052e-01
1.998365e-01 8.556839e-02
1.586968e-01 7.226355e-02
1.260265e-01 6.477541e-02
1.000818e-01 6.417162e-02
7.947831e-02 7.448602e-02
6.311638e-02 9.053178e-02
5.012282e-02 1.130321e-01
3.980421e-02 1.381415e-01
3.160985e-02 1.670596e-01
2.510244e-02 1.752067e-01
1.993468e-02 1.685947e-01
1.583080e-02 1.639976e-01
1.257176e-02 1.503323e-01
9.983657e-03 1.268178e-01
7.928355e-03 9.400222e-02
6.296172e-03 6.325744e-02
5.000000e-03 3.702685e-02
