4.000000 0.009702 0.000000
3.176534 0.015091 0.000000
2.522591 0.023219 0.000000
2.003274 0.035136 0.000000
1.590867 0.051855 0.000000
1.263360 0.073777 0.000000
1.003277 0.099701 0.000001
0.796735 0.125793 0.000003
0.632714 0.145721 0.000008
0.502459 0.153154 0.000015
0.399020 0.145835 0.000019
0.316875 0.127385 0.000026
0.251641 0.105202 0.000032
0.199837 0.085625 0.000036
0.158697 0.071840 0.000055
0.126027 0.064882 0.000104
0.100082 0.064967 0.000121
0.079478 0.073614 0.000199
0.063116 0.090666 0.000165
0.050123 0.114928 0.000308
0.039804 0.141421 0.000420
0.031610 0.160916 0.000645
0.025102 0.170125 0.000567
0.019935 0.168524 0.000794
0.015831 0.162657 0.000898
0.012572 0.152913 0.000781
0.009984 0.131630 0.000663
0.007928 0.099439 0.000846
0.006296 0.063495 0.000725
0.005000 0.035686 0.000785
