4.000000e+00 9.701885e-03
3.176534e+00 1.509069e-02
2.522591e+00 2.321904e-02
2.003274e+00 3.513570e-02
1.590867e+00 5.185494e-02
1.263360e+00 7.377767e-02
1.003277e+00 9.969855e-02
7.967354e-01 1.258097e-01
6.327142e-01 1.457524e-01
5.024595e-01 1.530977e-01
3.990198e-01 1.458198e-01
3.168750e-01 1.273647e-01
2.516410e-01 1.053068e-01
1.998365e-01 8.557624e-02
1.586968e-01 7.185219e-02
1.260265e-01 6.503344e-02
1.000818e-01 6.509306e-02
7.947831e-02 7.310879e-02
6.311638e-02 9.033601e-02
5.012282e-02 1.146682e-01
3.980421e-02 1.428758e-01
3.160985e-02 1.585826e-01
2.510244e-02 1.703296e-01
1.993468e-02 1.680844e-01
1.583080e-02 1.604927e-01
1.257176e-02 1.566287e-01
9.983657e-03 1.346876e-01
7.928355e-03 9.944231e-02
6.296172e-03 6.345596e-02
5.000000e-03 3.508549e-02
