4.000000e+00 9.701889e-03
3.176534e+00 1.509071e-02
2.522591e+00 2.321901e-02
2.003274e+00 3.513586e-02
1.590867e+00 5.185429e-02
1.263360e+00 7.377509e-02
1.003277e+00 9.969734e-02
7.967354e-01 1.257820e-01
6.327142e-01 1.457125e-01
5.024595e-01 1.531912e-01
3.990198e-01 1.457916e-01
3.168750e-01 1.275360e-01
2.516410e-01 1.053056e-01
1.998365e-01 8.571710e-02
1.586968e-01 7.170101e-02
1.260265e-01 6.509851e-02
1.000818e-01 6.579921e-02
7.947831e-02 7.379592e-02
6.311638e-02 9.099725e-02
5.012282e-02 1.133832e-01
3.980421e-02 1.407114e-01
3.160985e-02 1.572146e-01
2.510244e-02 1.680622e-01
1.993468e-02 1.672901e-01
1.583080e-02 1.661125e-01
1.257176e-02 1.505853e-01
9.983657e-03 1.331386e-01
7.928355e-03 1.023697e-01
6.296172e-03 6.590320e-02
5.000000e-03 3.855252e-02
