4.000000e+00 9.701891e-03
3.176534e+00 1.509069e-02
2.522591e+00 2.321900e-02
2.003274e+00 3.513579e-02
1.590867e+00 5.185476e-02
1.263360e+00 7.377963e-02
1.003277e+00 9.971092e-02
7.967354e-01 1.258093e-01
6.327142e-01 1.457482e-01
5.024595e-01 1.532419e-01
3.990198e-01 1.457362e-01
3.168750e-01 1.273079e-01
2.516410e-01 1.053368e-01
1.998365e-01 8.530864e-02
1.586968e-01 7.196059e-02
1.260265e-01 6.438598e-02
1.000818e-01 6.449705e-02
7.947831e-02 7.319341e-02
6.311638e-02 9.096127e-02
5.012282e-02 1.161273e-01
3.980421e-02 1.409976e-01
3.160985e-02 1.624496e-01
2.510244e-02 1.696431e-01
1.993468e-02 1.679878e-01
1.583080e-02 1.679585e-01
1.257176e-02 1.550005e-01
9.983657e-03 1.326612e-01
7.928355e-03 1.028321e-01
6.296172e-03 6.742600e-02
5.000000e-03 3.916457e-02
