4.000000e+00 9.701891e-03
3.176534e+00 1.509068e-02
2.522591e+00 2.321903e-02
2.003274e+00 3.513594e-02
1.590867e+00 5.185515e-02
1.263360e+00 7.377391e-02
1.003277e+00 9.971210e-02
7.967354e-01 1.258015e-01
6.327142e-01 1.457529e-01
5.024595e-01 1.531576e-01
3.990198e-01 1.458196e-01
3.168750e-01 1.271803e-01
2.516410e-01 1.050739e-01
1.998365e-01 8.562047e-02
1.586968e-01 7.185454e-02
1.260265e-01 6.462241e-02
1.000818e-01 6.479210e-02
7.947831e-02 7.397820e-02
6.311638e-02 9.084827e-02
5.012282e-02 1.142177e-01
3.980421e-02 1.441653e-01
3.160985e-02 1.625074e-01
2.510244e-02 1.722270e-01
1.993468e-02 1.663995e-01
1.583080e-02 1.639384e-01
1.257176e-02 1.505750e-01
9.983657e-03 1.326157e-01
7.928355e-03 9.695853e-02
6.296172e-03 6.195370e-02
5.000000e-03 3.728665e-02
