4.000000e+00 9.701890e-03
3.176534e+00 1.509070e-02
2.522591e+00 2.321901e-02
2.003274e+00 3.513574e-02
1.590867e+00 5.185493e-02
1.263360e+00 7.377806e-02
1.003277e+00 9.969877e-02
7.967354e-01 1.257910e-01
6.327142e-01 1.457430e-01
5.024595e-01 1.531453e-01
3.990198e-01 1.460196e-01
3.168750e-01 1.274718e-01
2.516410e-01 1.051211e-01
1.998365e-01 8.581526e-02
1.586968e-01 7.213586e-02
1.260265e-01 6.378084e-02
1.000818e-01 6.470986e-02
7.947831e-02 7.350104e-02
6.311638e-02 9.043803e-02
5.012282e-02 1.148171e-01
3.980421e-02 1.422113e-01
3.160985e-02 1.593859e-01
2.510244e-02 1.673816e-01
1.993468e-02 1.635846e-01
1.583080e-02 1.540076e-01
1.257176e-02 1.509341e-01
9.983657e-03 1.288272e-01
7.928355e-03 1.026033e-01
6.296172e-03 6.641750e-02
5.000000e-03 3.933373e-02
