4.000000e+00 9.701886e-03
3.176534e+00 1.509070e-02
2.522591e+00 2.321898e-02
2.003274e+00 3.513598e-02
1.590867e+00 5.185437e-02
1.263360e+00 7.377658e-02
1.003277e+00 9.970552e-02
7.967354e-01 1.257942e-01
6.327142e-01 1.457230e-01
5.024595e-01 1.531094e-01
3.990198e-01 1.458519e-01
3.168750e-01 1.273159e-01
2.516410e-01 1.054227e-01
1.998365e-01 8.563338e-02
1.586968e-01 7.172879e-02
1.260265e-01 6.478000e-02
1.000818e-01 6.460140e-02
7.947831e-02 7.423387e-02
6.311638e-02 9.129898e-02
5.012282e-02 1.145583e-01
3.980421e-02 1.392007e-01
3.160985e-02 1.602976e-01
2.510244e-02 1.728175e-01
1.993468e-02 1.763226e-01
1.583080e-02 1.632222e-01
1.257176e-02 1.536646e-01
9.983657e-03 1.312774e-01
7.928355e-03 9.701259e-02
6.296172e-03 6.085259e-02
5.000000e-03 3.444320e-02
