4.000000e+00 9.701887e-03
3.176534e+00 1.509069e-02
2.522591e+00 2.321898e-02
2.003274e+00 3.513587e-02
1.590867e+00 5.185457e-02
1.263360e+00 7.377662e-02
1.003277e+00 9.969544e-02
7.967354e-01 1.257823e-01
6.327142e-01 1.457427e-01
5.024595e-01 1.531472e-01
3.990198e-01 1.458285e-01
3.168750e-01 1.273288e-01
2.516410e-01 1.052373e-01
1.998365e-01 8.571405e-02
1.586968e-01 7.182273e-02
1.260265e-01 6.509672e-02
1.000818e-01 6.471901e-02
7.947831e-02 7.390161e-02
6.311638e-02 9.191458e-02
5.012282e-02 1.172174e-01
3.980421e-02 1.404162e-01
3.160985e-02 1.623359e-01
2.510244e-02 1.673772e-01
1.993468e-02 1.713360e-01
1.583080e-02 1.614957e-01
1.257176e-02 1.589429e-01
9.983657e-03 1.364941e-01
7.928355e-03 1.032176e-01
6.296172e-03 6.208951e-02
5.000000e-03 3.082301e-02
