4.000000e+00 9.701889e-03
3.176534e+00 1.509068e-02
2.522591e+00 2.321902e-02
2.003274e+00 3.513581e-02
1.590867e+00 5.185367e-02
1.263360e+00 7.377840e-02
1.003277e+00 9.969749e-02
7.967354e-01 1.257839e-01
6.327142e-01 1.457062e-01
5.024595e-01 1.530474e-01
3.990198e-01 1.458634e-01
3.168750e-01 1.273268e-01
2.516410e-01 1.053235e-01
1.998365e-01 8.536654e-02
1.586968e-01 7.169041e-02
1.260265e-01 6.492495e-02
1.000818e-01 6.491601e-02
7.947831e-02 7.279810e-02
6.311638e-02 9.060859e-02
5.012282e-02 1.155546e-01
3.980421e-02 1.400150e-01
3.160985e-02 1.603977e-01
2.510244e-02 1.674952e-01
1.993468e-02 1.633983e-01
1.583080e-02 1.589712e-01
1.257176e-02 1.553027e-01
9.983657e-03 1.284987e-01
7.928355e-03 1.000897e-01
6.296172e-03 6.540616e-02
5.000000e-03 3.896809e-02
