1.000000e+01 1.519923e-03
9.326033e+00 1.746224e-03
8.697490e+00 2.005952e-03
8.111308e+00 2.304028e-03
7.564633e+00 2.646028e-03
7.054802e+00 3.038084e-03
6.579332e+00 3.487757e-03
6.135907e+00 4.002994e-03
5.722368e+00 4.592996e-03
5.336699e+00 5.268643e-03
4.977024e+00 6.041296e-03
4.641589e+00 6.924899e-03
4.328761e+00 7.933456e-03
4.037017e+00 9.085521e-03
3.764936e+00 1.039816e-02
3.511192e+00 1.189000e-02
3.274549e+00 1.358799e-02
3.053856e+00 1.551416e-02
2.848036e+00 1.769325e-02
2.656088e+00 2.015477e-02
2.477076e+00 2.294185e-02
2.310130e+00 2.605622e-02
2.154435e+00 2.955253e-02
2.009233e+00 3.346048e-02
1.873817e+00 3.778515e-02
1.747528e+00 4.256817e-02
1.629751e+00 4.783755e-02
1.519911e+00 5.359336e-02
1.417474e+00 5.982114e-02
1.321941e+00 6.653168e-02
1.232847e+00 7.369741e-02
1.149757e+00 8.122306e-02
1.072267e+00 8.899576e-02
1.000000e+00 9.713763e-02
9.326033e-01 1.051575e-01
8.697490e-01 1.131246e-01
8.111308e-01 1.211809e-01
7.564633e-01 1.282787e-01
7.054802e-01 1.355305e-01
6.579332e-01 1.412069e-01
6.135907e-01 1.463191e-01
5.722368e-01 1.503102e-01
5.336699e-01 1.532291e-01
4.977024e-01 1.546010e-01
4.641589e-01 1.546559e-01
4.328761e-01 1.538354e-01
4.037017e-01 1.523856e-01
3.764936e-01 1.489701e-01
3.511192e-01 1.450111e-01
3.274549e-01 1.414225e-01
3.053856e-01 1.370908e-01
2.848036e-01 1.333514e-01
2.656088e-01 1.290455e-01
2.477076e-01 1.254852e-01
2.310130e-01 1.242658e-01
2.154435e-01 1.210219e-01
2.009233e-01 1.215352e-01
1.873817e-01 1.223743e-01
1.747528e-01 1.238549e-01
1.629751e-01 1.295610e-01
1.519911e-01 1.343424e-01
1.417474e-01 1.383690e-01
1.321941e-01 1.483355e-01
1.232847e-01 1.588870e-01
1.149757e-01 1.705167e-01
1.072267e-01 1.828800e-01
1.000000e-01 1.948486e-01
9.326033e-02 2.065488e-01
8.697490e-02 2.164842e-01
8.111308e-02 2.284906e-01
7.564633e-02 2.433594e-01
7.054802e-02 2.446211e-01
6.579332e-02 2.518190e-01
6.135907e-02 2.576109e-01
5.722368e-02 2.545254e-01
5.336699e-02 2.357443e-01
4.977024e-02 2.302361e-01
4.641589e-02 2.353506e-01
4.328761e-02 2.144817e-01
4.037017e-02 1.997371e-01
3.764936e-02 1.822830e-01
3.511192e-02 1.752291e-01
3.274549e-02 1.502589e-01
3.053856e-02 1.261175e-01
2.848036e-02 1.183768e-01
2.656088e-02 1.003605e-01
2.477076e-02 8.468581e-02
2.310130e-02 7.396835e-02
2.154435e-02 7.052381e-02
2.009233e-02 5.841309e-02
1.873817e-02 4.952378e-02
1.747528e-02 4.251666e-02
1.629751e-02 3.384740e-02
1.519911e-02 2.749021e-02
1.417474e-02 1.890973e-02
1.321941e-02 1.529474e-02
1.232847e-02 1.285977e-02
1.149757e-02 8.566949e-03
1.072267e-02 5.375366e-03
1.000000e-02 3.091108e-03
