1.000000e+01 1.519938e-03
9.326033e+00 1.746235e-03
8.697490e+00 2.005992e-03
8.111308e+00 2.303996e-03
7.564633e+00 2.645946e-03
7.054802e+00 3.038150e-03
6.579332e+00 3.487725e-03
6.135907e+00 4.002845e-03
5.722368e+00 4.593269e-03
5.336699e+00 5.268458e-03
4.977024e+00 6.041514e-03
4.641589e+00 6.924677e-03
4.328761e+00 7.934252e-03
4.037017e+00 9.085671e-03
3.764936e+00 1.039803e-02
3.511192e+00 1.189119e-02
3.274549e+00 1.358795e-02
3.053856e+00 1.551445e-02
2.848036e+00 1.769540e-02
2.656088e+00 2.016336e-02
2.477076e+00 2.293732e-02
2.310130e+00 2.606288e-02
2.154435e+00 2.955322e-02
2.009233e+00 3.345478e-02
1.873817e+00 3.778566e-02
1.747528e+00 4.256906e-02
1.629751e+00 4.782927e-02
1.519911e+00 5.361861e-02
1.417474e+00 5.979807e-02
1.321941e+00 6.657164e-02
1.232847e+00 7.369146e-02
1.149757e+00 8.116618e-02
1.072267e+00 8.895862e-02
1.000000e+00 9.712224e-02
9.326033e-01 1.050288e-01
8.697490e-01 1.131820e-01
8.111308e-01 1.209653e-01
7.564633e-01 1.284533e-01
7.054802e-01 1.354671e-01
6.579332e-01 1.412759e-01
6.135907e-01 1.462383e-01
5.722368e-01 1.505396e-01
5.336699e-01 1.531675e-01
4.977024e-01 1.545147e-01
4.641589e-01 1.548378e-01
4.328761e-01 1.541989e-01
4.037017e-01 1.521509e-01
3.764936e-01 1.492005e-01
3.511192e-01 1.461389e-01
3.274549e-01 1.419560e-01
3.053856e-01 1.376192e-01
2.848036e-01 1.335687e-01
2.656088e-01 1.294397e-01
2.477076e-01 1.255054e-01
2.310130e-01 1.237367e-01
2.154435e-01 1.215184e-01
2.009233e-01 1.212379e-01
1.873817e-01 1.215327e-01
1.747528e-01 1.241896e-01
1.629751e-01 1.277967e-01
1.519911e-01 1.335700e-01
1.417474e-01 1.389160e-01
1.321941e-01 1.452685e-01
1.232847e-01 1.591325e-01
1.149757e-01 1.681078e-01
1.072267e-01 1.795018e-01
1.000000e-01 1.936312e-01
9.326033e-02 2.038173e-01
8.697490e-02 2.169733e-01
8.111308e-02 2.256945e-01
7.564633e-02 2.396136e-01
7.054802e-02 2.436771e-01
6.579332e-02 2.548531e-01
6.135907e-02 2.557398e-01
5.722368e-02 2.562182e-01
5.336699e-02 2.489013e-01
4.977024e-02 2.432070e-01
4.641589e-02 2.363331e-01
4.328761e-02 2.186033e-01
4.037017e-02 2.005879e-01
3.764936e-02 1.887205e-01
3.511192e-02 1.739721e-01
3.274549e-02 1.458605e-01
3.053856e-02 1.291732e-01
2.848036e-02 1.205479e-01
2.656088e-02 1.079954e-01
2.477076e-02 9.511799e-02
2.310130e-02 8.804432e-02
2.154435e-02 6.382008e-02
2.009233e-02 5.364074e-02
1.873817e-02 4.453619e-02
1.747528e-02 3.109570e-02
1.629751e-02 2.429278e-02
1.519911e-02 1.821742e-02
1.417474e-02 1.483304e-02
1.321941e-02 8.833620e-03
1.232847e-02 3.388895e-03
1.149757e-02 2.338310e-03
1.072267e-02 -2.829253e-09
1.000000e-02 -3.252953e-09
