1.000000e+01 1.519936e-03
9.326033e+00 1.746219e-03
8.697490e+00 2.005907e-03
8.111308e+00 2.304079e-03
7.564633e+00 2.645968e-03
7.054802e+00 3.038163e-03
6.579332e+00 3.487867e-03
6.135907e+00 4.003026e-03
5.722368e+00 4.592959e-03
5.336699e+00 5.268545e-03
4.977024e+00 6.041317e-03
4.641589e+00 6.924687e-03
4.328761e+00 7.933502e-03
4.037017e+00 9.085647e-03
3.764936e+00 1.039663e-02
3.511192e+00 1.189141e-02
3.274549e+00 1.358863e-02
3.053856e+00 1.551367e-02
2.848036e+00 1.769462e-02
2.656088e+00 2.015917e-02
2.477076e+00 2.293649e-02
2.310130e+00 2.605110e-02
2.154435e+00 2.955302e-02
2.009233e+00 3.346021e-02
1.873817e+00 3.779928e-02
1.747528e+00 4.258725e-02
1.629751e+00 4.783151e-02
1.519911e+00 5.357756e-02
1.417474e+00 5.979209e-02
1.321941e+00 6.655894e-02
1.232847e+00 7.361937e-02
1.149757e+00 8.117305e-02
1.072267e+00 8.899743e-02
1.000000e+00 9.699777e-02
9.326033e-01 1.051227e-01
8.697490e-01 1.132592e-01
8.111308e-01 1.208307e-01
7.564633e-01 1.287600e-01
7.054802e-01 1.351902e-01
6.579332e-01 1.410740e-01
6.135907e-01 1.462985e-01
5.722368e-01 1.505181e-01
5.336699e-01 1.532119e-01
4.977024e-01 1.547860e-01
4.641589e-01 1.550579e-01
4.328761e-01 1.542369e-01
4.037017e-01 1.522623e-01
3.764936e-01 1.496090e-01
3.511192e-01 1.457867e-01
3.274549e-01 1.424244e-01
3.053856e-01 1.372405e-01
2.848036e-01 1.327306e-01
2.656088e-01 1.280841e-01
2.477076e-01 1.257590e-01
2.310130e-01 1.230931e-01
2.154435e-01 1.212942e-01
2.009233e-01 1.212720e-01
1.873817e-01 1.224418e-01
1.747528e-01 1.244583e-01
1.629751e-01 1.271306e-01
1.519911e-01 1.347918e-01
1.417474e-01 1.398627e-01
1.321941e-01 1.486679e-01
1.232847e-01 1.575873e-01
1.149757e-01 1.684932e-01
1.072267e-01 1.798683e-01
1.000000e-01 1.967966e-01
9.326033e-02 2.031569e-01
8.697490e-02 2.167812e-01
8.111308e-02 2.261886e-01
7.564633e-02 2.442924e-01
7.054802e-02 2.480023e-01
6.579332e-02 2.587962e-01
6.135907e-02 2.509135e-01
5.722368e-02 2.525068e-01
5.336699e-02 2.489092e-01
4.977024e-02 2.467004e-01
4.641589e-02 2.342305e-01
4.328761e-02 2.196829e-01
4.037017e-02 1.989510e-01
3.764936e-02 1.872140e-01
3.511192e-02 1.583637e-01
3.274549e-02 1.517673e-01
3.053856e-02 1.438092e-01
2.848036e-02 1.290027e-01
2.656088e-02 1.251821e-01
2.477076e-02 9.903630e-02
2.310130e-02 7.673672e-02
2.154435e-02 7.265820e-02
2.009233e-02 5.987402e-02
1.873817e-02 5.094215e-02
1.747528e-02 4.001413e-02
1.629751e-02 3.270340e-02
1.519911e-02 2.572700e-02
1.417474e-02 1.941885e-02
1.321941e-02 1.589425e-02
1.232847e-02 1.083253e-02
1.149757e-02 6.232379e-03
1.072267e-02 2.688488e-03
1.000000e-02 2.060944e-03
