1.000000e+01 1.519938e-03
9.326033e+00 1.746209e-03
8.697490e+00 2.005977e-03
8.111308e+00 2.304035e-03
7.564633e+00 2.646026e-03
7.054802e+00 3.038059e-03
6.579332e+00 3.487840e-03
6.135907e+00 4.002963e-03
5.722368e+00 4.593126e-03
5.336699e+00 5.268537e-03
4.977024e+00 6.041973e-03
4.641589e+00 6.924762e-03
4.328761e+00 7.934159e-03
4.037017e+00 9.085181e-03
3.764936e+00 1.039785e-02
3.511192e+00 1.189089e-02
3.274549e+00 1.358863e-02
3.053856e+00 1.551488e-02
2.848036e+00 1.769257e-02
2.656088e+00 2.016145e-02
2.477076e+00 2.293798e-02
2.310130e+00 2.605336e-02
2.154435e+00 2.956240e-02
2.009233e+00 3.345325e-02
1.873817e+00 3.779675e-02
1.747528e+00 4.258068e-02
1.629751e+00 4.783338e-02
1.519911e+00 5.357158e-02
1.417474e+00 5.980094e-02
1.321941e+00 6.652262e-02
1.232847e+00 7.366078e-02
1.149757e+00 8.119309e-02
1.072267e+00 8.897623e-02
1.000000e+00 9.709441e-02
9.326033e-01 1.052371e-01
8.697490e-01 1.131736e-01
8.111308e-01 1.209318e-01
7.564633e-01 1.284174e-01
7.054802e-01 1.350599e-01
6.579332e-01 1.413164e-01
6.135907e-01 1.463096e-01
5.722368e-01 1.506367e-01
5.336699e-01 1.531164e-01
4.977024e-01 1.547301e-01
4.641589e-01 1.552385e-01
4.328761e-01 1.547862e-01
4.037017e-01 1.520852e-01
3.764936e-01 1.495631e-01
3.511192e-01 1.452121e-01
3.274549e-01 1.418232e-01
3.053856e-01 1.370836e-01
2.848036e-01 1.329829e-01
2.656088e-01 1.299666e-01
2.477076e-01 1.259618e-01
2.310130e-01 1.228903e-01
2.154435e-01 1.217762e-01
2.009233e-01 1.209209e-01
1.873817e-01 1.223799e-01
1.747528e-01 1.248529e-01
1.629751e-01 1.287741e-01
1.519911e-01 1.330508e-01
1.417474e-01 1.401585e-01
1.321941e-01 1.487033e-01
1.232847e-01 1.588608e-01
1.149757e-01 1.683451e-01
1.072267e-01 1.807882e-01
1.000000e-01 1.903373e-01
9.326033e-02 2.065147e-01
8.697490e-02 2.183836e-01
8.111308e-02 2.307706e-01
7.564633e-02 2.421850e-01
7.054802e-02 2.411861e-01
6.579332e-02 2.530412e-01
6.135907e-02 2.524564e-01
5.722368e-02 2.558337e-01
5.336699e-02 2.420352e-01
4.977024e-02 2.401774e-01
4.641589e-02 2.262347e-01
4.328761e-02 2.167323e-01
4.037017e-02 2.015297e-01
3.764936e-02 1.840607e-01
3.511192e-02 1.771424e-01
3.274549e-02 1.497013e-01
3.053856e-02 1.377325e-01
2.848036e-02 1.146518e-01
2.656088e-02 1.041078e-01
2.477076e-02 9.152437e-02
2.310130e-02 8.121440e-02
2.154435e-02 7.045680e-02
2.009233e-02 5.716057e-02
1.873817e-02 4.996381e-02
1.747528e-02 3.440456e-02
1.629751e-02 2.697296e-02
1.519911e-02 2.042880e-02
1.417474e-02 1.432299e-02
1.321941e-02 1.118477e-02
1.232847e-02 5.420605e-03
1.149757e-02 3.117436e-03
1.072267e-02 2.688488e-03
1.000000e-02 3.091108e-03
