1.000000e+01 1.519909e-03
9.326033e+00 1.746235e-03
8.697490e+00 2.005938e-03
8.111308e+00 2.304042e-03
7.564633e+00 2.646013e-03
7.054802e+00 3.038199e-03
6.579332e+00 3.487727e-03
6.135907e+00 4.003051e-03
5.722368e+00 4.593004e-03
5.336699e+00 5.268600e-03
4.977024e+00 6.041646e-03
4.641589e+00 6.925034e-03
4.328761e+00 7.933756e-03
4.037017e+00 9.084723e-03
3.764936e+00 1.039687e-02
3.511192e+00 1.189006e-02
3.274549e+00 1.358845e-02
3.053856e+00 1.551488e-02
2.848036e+00 1.769573e-02
2.656088e+00 2.016582e-02
2.477076e+00 2.293973e-02
2.310130e+00 2.605153e-02
2.154435e+00 2.955656e-02
2.009233e+00 3.345363e-02
1.873817e+00 3.778541e-02
1.747528e+00 4.257000e-02
1.629751e+00 4.784678e-02
1.519911e+00 5.357482e-02
1.417474e+00 5.982627e-02
1.321941e+00 6.654830e-02
1.232847e+00 7.361907e-02
1.149757e+00 8.121142e-02
1.072267e+00 8.912092e-02
1.000000e+00 9.689984e-02
9.326033e-01 1.053336e-01
8.697490e-01 1.132537e-01
8.111308e-01 1.211479e-01
7.564633e-01 1.283359e-01
7.054802e-01 1.352729e-01
6.579332e-01 1.412524e-01
6.135907e-01 1.467314e-01
5.722368e-01 1.502651e-01
5.336699e-01 1.531841e-01
4.977024e-01 1.543850e-01
4.641589e-01 1.548592e-01
4.328761e-01 1.540167e-01
4.037017e-01 1.516669e-01
3.764936e-01 1.493773e-01
3.511192e-01 1.460724e-01
3.274549e-01 1.419158e-01
3.053856e-01 1.374917e-01
2.848036e-01 1.331436e-01
2.656088e-01 1.286657e-01
2.477076e-01 1.256290e-01
2.310130e-01 1.242466e-01
2.154435e-01 1.214135e-01
2.009233e-01 1.212090e-01
1.873817e-01 1.229656e-01
1.747528e-01 1.242866e-01
1.629751e-01 1.282862e-01
1.519911e-01 1.330433e-01
1.417474e-01 1.402018e-01
1.321941e-01 1.479748e-01
1.232847e-01 1.587502e-01
1.149757e-01 1.688024e-01
1.072267e-01 1.838491e-01
1.000000e-01 1.887937e-01
9.326033e-02 2.075518e-01
8.697490e-02 2.161830e-01
8.111308e-02 2.288123e-01
7.564633e-02 2.392234e-01
7.054802e-02 2.391911e-01
6.579332e-02 2.552485e-01
6.135907e-02 2.515495e-01
5.722368e-02 2.479456e-01
5.336699e-02 2.565857e-01
4.977024e-02 2.469837e-01
4.641589e-02 2.207721e-01
4.328761e-02 2.197048e-01
4.037017e-02 2.080355e-01
3.764936e-02 1.851634e-01
3.511192e-02 1.675050e-01
3.274549e-02 1.486127e-01
3.053856e-02 1.368149e-01
2.848036e-02 1.196987e-01
2.656088e-02 1.091201e-01
2.477076e-02 9.299393e-02
2.310130e-02 8.267907e-02
2.154435e-02 6.775042e-02
2.009233e-02 5.986636e-02
1.873817e-02 4.962069e-02
1.747528e-02 4.264718e-02
1.629751e-02 3.422857e-02
1.519911e-02 2.793079e-02
1.417474e-02 2.247144e-02
1.321941e-02 1.764070e-02
1.232847e-02 1.353524e-02
1.149757e-02 7.010725e-03
1.072267e-02 4.479919e-03
1.000000e-02 1.030573e-03
