10.000000 0.001520 0.000000
9.326033 0.001746 0.000000
8.697490 0.002006 0.000000
8.111308 0.002304 0.000000
7.564633 0.002646 0.000000
7.054802 0.003038 0.000000
6.579332 0.003488 0.000000
6.135907 0.004003 0.000000
5.722368 0.004593 0.000000
5.336699 0.005269 0.000000
4.977024 0.006041 0.000000
4.641589 0.006925 0.000000
4.328761 0.007934 0.000000
4.037017 0.009085 0.000000
3.764936 0.010397 0.000000
3.511192 0.011891 0.000000
3.274549 0.013589 0.000000
3.053856 0.015514 0.000000
2.848036 0.017695 0.000000
2.656088 0.020161 0.000001
2.477076 0.022938 0.000001
2.310130 0.026057 0.000001
2.154435 0.029556 0.000001
2.009233 0.033455 0.000001
1.873817 0.037784 0.000003
1.747528 0.042576 0.000002
1.629751 0.047836 0.000003
1.519911 0.053584 0.000004
1.417474 0.059816 0.000005
1.321941 0.066530 0.000006
1.232847 0.073671 0.000010
1.149757 0.081189 0.000008
1.072267 0.089027 0.000012
1.000000 0.097060 0.000019
0.932603 0.105185 0.000021
0.869749 0.113228 0.000014
0.811131 0.121039 0.000028
0.756463 0.128503 0.000037
0.705480 0.135343 0.000038
0.657933 0.141287 0.000035
0.613591 0.146421 0.000048
0.572237 0.150436 0.000049
0.533670 0.153209 0.000027
0.497702 0.154681 0.000041
0.464159 0.154958 0.000048
0.432876 0.154077 0.000081
0.403702 0.152174 0.000073
0.376494 0.149155 0.000065
0.351119 0.145603 0.000092
0.327455 0.141748 0.000091
0.305386 0.137311 0.000070
0.284804 0.133314 0.000093
0.265609 0.129055 0.000122
0.247708 0.125807 0.000104
0.231013 0.123544 0.000148
0.215444 0.121861 0.000143
0.200923 0.121029 0.000115
0.187382 0.122158 0.000133
0.174753 0.124292 0.000106
0.162975 0.127981 0.000219
0.151991 0.133527 0.000166
0.141747 0.140204 0.000231
0.132194 0.148152 0.000292
0.123285 0.158015 0.000288
0.114976 0.168443 0.000327
0.107227 0.180605 0.000401
0.100000 0.192465 0.000551
0.093260 0.205636 0.000470
0.086975 0.216663 0.000347
0.081113 0.228899 0.000470
0.075646 0.239657 0.000737
0.070548 0.246423 0.001231
0.065793 0.252141 0.000883
0.061359 0.253908 0.000564
0.057224 0.253942 0.000817
0.053367 0.247693 0.001362
0.049770 0.242830 0.001691
0.046416 0.229103 0.001550
0.043288 0.214822 0.001048
0.040370 0.200629 0.001370
0.037649 0.185131 0.000833
0.035112 0.167549 0.001905
0.032745 0.147070 0.001346
0.030539 0.134283 0.001170
0.028480 0.119338 0.001391
0.026561 0.106280 0.001721
0.024771 0.091075 0.001324
0.023101 0.079294 0.001425
0.021544 0.066463 0.000926
0.020092 0.055779 0.000954
0.018738 0.046338 0.000910
0.017475 0.036530 0.001103
0.016298 0.028871 0.001076
0.015199 0.022399 0.001027
0.014175 0.016170 0.000784
0.013219 0.012102 0.000755
0.012328 0.007872 0.000812
0.011498 0.005551 0.000531
0.010723 0.003360 0.000520
0.010000 0.001739 0.000348
