1.000000e+01 1.519946e-03
9.326033e+00 1.746227e-03
8.697490e+00 2.005944e-03
8.111308e+00 2.304004e-03
7.564633e+00 2.645915e-03
7.054802e+00 3.038111e-03
6.579332e+00 3.487757e-03
6.135907e+00 4.003007e-03
5.722368e+00 4.593196e-03
5.336699e+00 5.268461e-03
4.977024e+00 6.041606e-03
4.641589e+00 6.924824e-03
4.328761e+00 7.933817e-03
4.037017e+00 9.084807e-03
3.764936e+00 1.039675e-02
3.511192e+00 1.189103e-02
3.274549e+00 1.358705e-02
3.053856e+00 1.551520e-02
2.848036e+00 1.769566e-02
2.656088e+00 2.015894e-02
2.477076e+00 2.294038e-02
2.310130e+00 2.605793e-02
2.154435e+00 2.956083e-02
2.009233e+00 3.345833e-02
1.873817e+00 3.778395e-02
1.747528e+00 4.258315e-02
1.629751e+00 4.784112e-02
1.519911e+00 5.358150e-02
1.417474e+00 5.982658e-02
1.321941e+00 6.651755e-02
1.232847e+00 7.364179e-02
1.149757e+00 8.116396e-02
1.072267e+00 8.899807e-02
1.000000e+00 9.719262e-02
9.326033e-01 1.051704e-01
8.697490e-01 1.132049e-01
8.111308e-01 1.210410e-01
7.564633e-01 1.283126e-01
7.054802e-01 1.351776e-01
6.579332e-01 1.412264e-01
6.135907e-01 1.463315e-01
5.722368e-01 1.503501e-01
5.336699e-01 1.533631e-01
4.977024e-01 1.545795e-01
4.641589e-01 1.548887e-01
4.328761e-01 1.535144e-01
4.037017e-01 1.523458e-01
3.764936e-01 1.486615e-01
3.511192e-01 1.460746e-01
3.274549e-01 1.415469e-01
3.053856e-01 1.372995e-01
2.848036e-01 1.332571e-01
2.656088e-01 1.288322e-01
2.477076e-01 1.263223e-01
2.310130e-01 1.242989e-01
2.154435e-01 1.224247e-01
2.009233e-01 1.210082e-01
1.873817e-01 1.228244e-01
1.747528e-01 1.243786e-01
1.629751e-01 1.281001e-01
1.519911e-01 1.334459e-01
1.417474e-01 1.391996e-01
1.321941e-01 1.488561e-01
1.232847e-01 1.576184e-01
1.149757e-01 1.680349e-01
1.072267e-01 1.821272e-01
1.000000e-01 1.918700e-01
9.326033e-02 2.088971e-01
8.697490e-02 2.184663e-01
8.111308e-02 2.284905e-01
7.564633e-02 2.426098e-01
7.054802e-02 2.422444e-01
6.579332e-02 2.503217e-01
6.135907e-02 2.559048e-01
5.722368e-02 2.613127e-01
5.336699e-02 2.500616e-01
4.977024e-02 2.315996e-01
4.641589e-02 2.201997e-01
4.328761e-02 2.062765e-01
4.037017e-02 1.874052e-01
3.764936e-02 1.849109e-01
3.511192e-02 1.665143e-01
3.274549e-02 1.474883e-01
3.053856e-02 1.325087e-01
2.848036e-02 1.173635e-01
2.656088e-02 1.017150e-01
2.477076e-02 8.428984e-02
2.310130e-02 8.279103e-02
2.154435e-02 6.159009e-02
2.009233e-02 5.154069e-02
1.873817e-02 4.453619e-02
1.747528e-02 4.069787e-02
1.629751e-02 3.308481e-02
1.519911e-02 2.528597e-02
1.417474e-02 1.738174e-02
1.321941e-02 1.235964e-02
1.232847e-02 6.774401e-03
1.149757e-02 7.010725e-03
1.072267e-02 1.792504e-03
1.000000e-02 -3.252953e-09
