1.000000e+01 1.519928e-03
9.326033e+00 1.746199e-03
8.697490e+00 2.005975e-03
8.111308e+00 2.303954e-03
7.564633e+00 2.646008e-03
7.054802e+00 3.038129e-03
6.579332e+00 3.487775e-03
6.135907e+00 4.002972e-03
5.722368e+00 4.593145e-03
5.336699e+00 5.268580e-03
4.977024e+00 6.041078e-03
4.641589e+00 6.925299e-03
4.328761e+00 7.933851e-03
4.037017e+00 9.085605e-03
3.764936e+00 1.039709e-02
3.511192e+00 1.189068e-02
3.274549e+00 1.358842e-02
3.053856e+00 1.551196e-02
2.848036e+00 1.769627e-02
2.656088e+00 2.016145e-02
2.477076e+00 2.293792e-02
2.310130e+00 2.605614e-02
2.154435e+00 2.954977e-02
2.009233e+00 3.345485e-02
1.873817e+00 3.778070e-02
1.747528e+00 4.257882e-02
1.629751e+00 4.784807e-02
1.519911e+00 5.355944e-02
1.417474e+00 5.984762e-02
1.321941e+00 6.650623e-02
1.232847e+00 7.365601e-02
1.149757e+00 8.111460e-02
1.072267e+00 8.905780e-02
1.000000e+00 9.701244e-02
9.326033e-01 1.051125e-01
8.697490e-01 1.132824e-01
8.111308e-01 1.209548e-01
7.564633e-01 1.285690e-01
7.054802e-01 1.355719e-01
6.579332e-01 1.411629e-01
6.135907e-01 1.467061e-01
5.722368e-01 1.506566e-01
5.336699e-01 1.532854e-01
4.977024e-01 1.549918e-01
4.641589e-01 1.550521e-01
4.328761e-01 1.537921e-01
4.037017e-01 1.517126e-01
3.764936e-01 1.494638e-01
3.511192e-01 1.454723e-01
3.274549e-01 1.413578e-01
3.053856e-01 1.375953e-01
2.848036e-01 1.330818e-01
2.656088e-01 1.288403e-01
2.477076e-01 1.261479e-01
2.310130e-01 1.235919e-01
2.154435e-01 1.222476e-01
2.009233e-01 1.211553e-01
1.873817e-01 1.222216e-01
1.747528e-01 1.239214e-01
1.629751e-01 1.267617e-01
1.519911e-01 1.330519e-01
1.417474e-01 1.407984e-01
1.321941e-01 1.462991e-01
1.232847e-01 1.574840e-01
1.149757e-01 1.692119e-01
1.072267e-01 1.795234e-01
1.000000e-01 1.922265e-01
9.326033e-02 2.073679e-01
8.697490e-02 2.159612e-01
8.111308e-02 2.298861e-01
7.564633e-02 2.349594e-01
7.054802e-02 2.489520e-01
6.579332e-02 2.505508e-01
6.135907e-02 2.552410e-01
5.722368e-02 2.556214e-01
5.336699e-02 2.463060e-01
4.977024e-02 2.487817e-01
4.641589e-02 2.200500e-01
4.328761e-02 2.130620e-01
4.037017e-02 2.053441e-01
3.764936e-02 1.874760e-01
3.511192e-02 1.639928e-01
3.274549e-02 1.464505e-01
3.053856e-02 1.312322e-01
2.848036e-02 1.184070e-01
2.656088e-02 9.847552e-02
2.477076e-02 8.695008e-02
2.310130e-02 7.357186e-02
2.154435e-02 6.580361e-02
2.009233e-02 5.699327e-02
1.873817e-02 4.370800e-02
1.747528e-02 3.539590e-02
1.629751e-02 2.620758e-02
1.519911e-02 1.998670e-02
1.417474e-02 1.279223e-02
1.321941e-02 1.000943e-02
1.232847e-02 7.451095e-03
1.149757e-02 6.232379e-03
1.072267e-02 6.270633e-03
1.000000e-02 3.091108e-03
