1.000000e+01 1.519929e-03
9.326033e+00 1.746203e-03
8.697490e+00 2.005953e-03
8.111308e+00 2.304013e-03
7.564633e+00 2.645994e-03
7.054802e+00 3.038217e-03
6.579332e+00 3.487730e-03
6.135907e+00 4.003189e-03
5.722368e+00 4.593126e-03
5.336699e+00 5.268562e-03
4.977024e+00 6.041291e-03
4.641589e+00 6.924681e-03
4.328761e+00 7.934543e-03
4.037017e+00 9.085100e-03
3.764936e+00 1.039661e-02
3.511192e+00 1.189103e-02
3.274549e+00 1.358888e-02
3.053856e+00 1.551240e-02
2.848036e+00 1.769723e-02
2.656088e+00 2.016195e-02
2.477076e+00 2.293970e-02
2.310130e+00 2.605273e-02
2.154435e+00 2.956089e-02
2.009233e+00 3.344705e-02
1.873817e+00 3.777179e-02
1.747528e+00 4.256996e-02
1.629751e+00 4.784287e-02
1.519911e+00 5.357743e-02
1.417474e+00 5.985522e-02
1.321941e+00 6.650594e-02
1.232847e+00 7.364885e-02
1.149757e+00 8.123479e-02
1.072267e+00 8.898179e-02
1.000000e+00 9.708546e-02
9.326033e-01 1.052398e-01
8.697490e-01 1.132869e-01
8.111308e-01 1.209988e-01
7.564633e-01 1.284225e-01
7.054802e-01 1.356350e-01
6.579332e-01 1.414895e-01
6.135907e-01 1.466815e-01
5.722368e-01 1.501429e-01
5.336699e-01 1.533020e-01
4.977024e-01 1.547109e-01
4.641589e-01 1.547364e-01
4.328761e-01 1.538882e-01
4.037017e-01 1.523835e-01
3.764936e-01 1.489969e-01
3.511192e-01 1.450718e-01
3.274549e-01 1.413459e-01
3.053856e-01 1.374174e-01
2.848036e-01 1.334488e-01
2.656088e-01 1.289046e-01
2.477076e-01 1.258904e-01
2.310130e-01 1.227598e-01
2.154435e-01 1.219163e-01
2.009233e-01 1.212137e-01
1.873817e-01 1.216536e-01
1.747528e-01 1.244644e-01
1.629751e-01 1.279370e-01
1.519911e-01 1.328591e-01
1.417474e-01 1.412073e-01
1.321941e-01 1.488589e-01
1.232847e-01 1.588390e-01
1.149757e-01 1.655810e-01
1.072267e-01 1.813258e-01
1.000000e-01 1.934778e-01
9.326033e-02 2.036252e-01
8.697490e-02 2.183623e-01
8.111308e-02 2.281010e-01
7.564633e-02 2.417812e-01
7.054802e-02 2.545194e-01
6.579332e-02 2.514616e-01
6.135907e-02 2.527871e-01
5.722368e-02 2.546556e-01
5.336699e-02 2.494368e-01
4.977024e-02 2.443854e-01
4.641589e-02 2.411379e-01
4.328761e-02 2.183649e-01
4.037017e-02 1.996882e-01
3.764936e-02 1.809978e-01
3.511192e-02 1.782878e-01
3.274549e-02 1.453259e-01
3.053856e-02 1.333445e-01
2.848036e-02 1.185141e-01
2.656088e-02 1.132490e-01
2.477076e-02 8.666418e-02
2.310130e-02 7.580411e-02
2.154435e-02 6.672597e-02
2.009233e-02 5.533867e-02
1.873817e-02 4.595877e-02
1.747528e-02 4.018575e-02
1.629751e-02 2.812044e-02
1.519911e-02 2.263794e-02
1.417474e-02 1.585283e-02
1.321941e-02 8.245538e-03
1.232847e-02 4.066267e-03
1.149757e-02 2.338310e-03
1.072267e-02 -2.829253e-09
1.000000e-02 -3.252953e-09
