1.000000e+01 1.519941e-03
9.326033e+00 1.746207e-03
8.697490e+00 2.005904e-03
8.111308e+00 2.304012e-03
7.564633e+00 2.645979e-03
7.054802e+00 3.038184e-03
6.579332e+00 3.487700e-03
6.135907e+00 4.002927e-03
5.722368e+00 4.593336e-03
5.336699e+00 5.268932e-03
4.977024e+00 6.041315e-03
4.641589e+00 6.924928e-03
4.328761e+00 7.933696e-03
4.037017e+00 9.085252e-03
3.764936e+00 1.039763e-02
3.511192e+00 1.189128e-02
3.274549e+00 1.358892e-02
3.053856e+00 1.551170e-02
2.848036e+00 1.769910e-02
2.656088e+00 2.016241e-02
2.477076e+00 2.293675e-02
2.310130e+00 2.606237e-02
2.154435e+00 2.954740e-02
2.009233e+00 3.346030e-02
1.873817e+00 3.777701e-02
1.747528e+00 4.258912e-02
1.629751e+00 4.784810e-02
1.519911e+00 5.357447e-02
1.417474e+00 5.981092e-02
1.321941e+00 6.653634e-02
1.232847e+00 7.367502e-02
1.149757e+00 8.117185e-02
1.072267e+00 8.904705e-02
1.000000e+00 9.708511e-02
9.326033e-01 1.051974e-01
8.697490e-01 1.132236e-01
8.111308e-01 1.209133e-01
7.564633e-01 1.286496e-01
7.054802e-01 1.353759e-01
6.579332e-01 1.413000e-01
6.135907e-01 1.465972e-01
5.722368e-01 1.503715e-01
5.336699e-01 1.532387e-01
4.977024e-01 1.547640e-01
4.641589e-01 1.549787e-01
4.328761e-01 1.544302e-01
4.037017e-01 1.521204e-01
3.764936e-01 1.491601e-01
3.511192e-01 1.454291e-01
3.274549e-01 1.417106e-01
3.053856e-01 1.371443e-01
2.848036e-01 1.335592e-01
2.656088e-01 1.296830e-01
2.477076e-01 1.256902e-01
2.310130e-01 1.231798e-01
2.154435e-01 1.207295e-01
2.009233e-01 1.201540e-01
1.873817e-01 1.215638e-01
1.747528e-01 1.238148e-01
1.629751e-01 1.288697e-01
1.519911e-01 1.340603e-01
1.417474e-01 1.419580e-01
1.321941e-01 1.471805e-01
1.232847e-01 1.583301e-01
1.149757e-01 1.667338e-01
1.072267e-01 1.786064e-01
1.000000e-01 1.939959e-01
9.326033e-02 2.045881e-01
8.697490e-02 2.172546e-01
8.111308e-02 2.309547e-01
7.564633e-02 2.389478e-01
7.054802e-02 2.435708e-01
6.579332e-02 2.503954e-01
6.135907e-02 2.548990e-01
5.722368e-02 2.549464e-01
5.336699e-02 2.556654e-01
4.977024e-02 2.303015e-01
4.641589e-02 2.233700e-01
4.328761e-02 2.115377e-01
4.037017e-02 2.037082e-01
3.764936e-02 1.805531e-01
3.511192e-02 1.555599e-01
3.274549e-02 1.300330e-01
3.053856e-02 1.396863e-01
2.848036e-02 1.108190e-01
2.656088e-02 9.588610e-02
2.477076e-02 8.203324e-02
2.310130e-02 7.314828e-02
2.154435e-02 5.923349e-02
2.009233e-02 5.281499e-02
1.873817e-02 3.940276e-02
1.747528e-02 2.877548e-02
1.629751e-02 2.237603e-02
1.519911e-02 1.733225e-02
1.417474e-02 1.330259e-02
1.321941e-02 8.245538e-03
1.232847e-02 6.774401e-03
1.149757e-02 4.675219e-03
1.072267e-02 2.688488e-03
1.000000e-02 1.030573e-03
