1.000000e+01 1.519939e-03
9.326033e+00 1.746208e-03
8.697490e+00 2.005932e-03
8.111308e+00 2.304003e-03
7.564633e+00 2.645977e-03
7.054802e+00 3.038090e-03
6.579332e+00 3.487754e-03
6.135907e+00 4.002967e-03
5.722368e+00 4.593182e-03
5.336699e+00 5.268523e-03
4.977024e+00 6.041320e-03
4.641589e+00 6.924986e-03
4.328761e+00 7.933568e-03
4.037017e+00 9.084641e-03
3.764936e+00 1.039767e-02
3.511192e+00 1.189190e-02
3.274549e+00 1.358905e-02
3.053856e+00 1.551435e-02
2.848036e+00 1.769502e-02
2.656088e+00 2.016044e-02
2.477076e+00 2.293750e-02
2.310130e+00 2.605862e-02
2.154435e+00 2.955687e-02
2.009233e+00 3.345183e-02
1.873817e+00 3.778587e-02
1.747528e+00 4.256724e-02
1.629751e+00 4.784851e-02
1.519911e+00 5.359477e-02
1.417474e+00 5.981054e-02
1.321941e+00 6.654180e-02
1.232847e+00 7.368029e-02
1.149757e+00 8.123164e-02
1.072267e+00 8.910078e-02
1.000000e+00 9.698146e-02
9.326033e-01 1.052441e-01
8.697490e-01 1.131730e-01
8.111308e-01 1.211042e-01
7.564633e-01 1.285526e-01
7.054802e-01 1.352119e-01
6.579332e-01 1.413399e-01
6.135907e-01 1.461197e-01
5.722368e-01 1.503366e-01
5.336699e-01 1.534347e-01
4.977024e-01 1.547373e-01
4.641589e-01 1.552985e-01
4.328761e-01 1.541392e-01
4.037017e-01 1.526271e-01
3.764936e-01 1.493375e-01
3.511192e-01 1.453105e-01
3.274549e-01 1.423798e-01
3.053856e-01 1.375577e-01
2.848036e-01 1.332072e-01
2.656088e-01 1.296969e-01
2.477076e-01 1.257162e-01
2.310130e-01 1.240109e-01
2.154435e-01 1.217087e-01
2.009233e-01 1.218230e-01
1.873817e-01 1.224608e-01
1.747528e-01 1.244441e-01
1.629751e-01 1.259168e-01
1.519911e-01 1.328184e-01
1.417474e-01 1.412442e-01
1.321941e-01 1.470949e-01
1.232847e-01 1.551466e-01
1.149757e-01 1.694797e-01
1.072267e-01 1.803048e-01
1.000000e-01 1.905487e-01
9.326033e-02 2.062359e-01
8.697490e-02 2.159947e-01
8.111308e-02 2.267066e-01
7.564633e-02 2.399216e-01
7.054802e-02 2.504199e-01
6.579332e-02 2.553949e-01
6.135907e-02 2.555103e-01
5.722368e-02 2.513189e-01
5.336699e-02 2.532688e-01
4.977024e-02 2.466473e-01
4.641589e-02 2.281716e-01
4.328761e-02 2.139393e-01
4.037017e-02 2.017733e-01
3.764936e-02 1.911123e-01
3.511192e-02 1.784464e-01
3.274549e-02 1.544640e-01
3.053856e-02 1.365278e-01
2.848036e-02 1.287568e-01
2.656088e-02 1.086741e-01
2.477076e-02 9.116435e-02
2.310130e-02 7.859294e-02
2.154435e-02 6.263678e-02
2.009233e-02 5.192689e-02
1.873817e-02 4.124367e-02
1.747528e-02 3.208907e-02
1.629751e-02 2.582477e-02
1.519911e-02 1.954452e-02
1.417474e-02 1.228177e-02
1.321941e-02 8.833620e-03
1.232847e-02 3.388895e-03
1.149757e-02 3.117436e-03
1.072267e-02 2.688488e-03
1.000000e-02 -3.252953e-09
