1.000000e+01 1.519929e-03
9.326033e+00 1.746225e-03
8.697490e+00 2.005962e-03
8.111308e+00 2.304004e-03
7.564633e+00 2.645945e-03
7.054802e+00 3.038191e-03
6.579332e+00 3.487742e-03
6.135907e+00 4.003006e-03
5.722368e+00 4.593106e-03
5.336699e+00 5.268275e-03
4.977024e+00 6.041102e-03
4.641589e+00 6.924867e-03
4.328761e+00 7.933861e-03
4.037017e+00 9.085991e-03
3.764936e+00 1.039672e-02
3.511192e+00 1.189062e-02
3.274549e+00 1.359087e-02
3.053856e+00 1.551129e-02
2.848036e+00 1.769342e-02
2.656088e+00 2.016073e-02
2.477076e+00 2.294349e-02
2.310130e+00 2.605925e-02
2.154435e+00 2.954917e-02
2.009233e+00 3.345452e-02
1.873817e+00 3.777207e-02
1.747528e+00 4.257580e-02
1.629751e+00 4.784161e-02
1.519911e+00 5.357998e-02
1.417474e+00 5.979988e-02
1.321941e+00 6.652401e-02
1.232847e+00 7.374293e-02
1.149757e+00 8.116841e-02
1.072267e+00 8.899499e-02
1.000000e+00 9.700217e-02
9.326033e-01 1.052162e-01
8.697490e-01 1.132499e-01
8.111308e-01 1.211591e-01
7.564633e-01 1.284196e-01
7.054802e-01 1.352854e-01
6.579332e-01 1.411258e-01
6.135907e-01 1.466392e-01
5.722368e-01 1.508230e-01
5.336699e-01 1.531479e-01
4.977024e-01 1.545945e-01
4.641589e-01 1.549590e-01
4.328761e-01 1.545749e-01
4.037017e-01 1.523576e-01
3.764936e-01 1.488585e-01
3.511192e-01 1.453423e-01
3.274549e-01 1.420597e-01
3.053856e-01 1.373703e-01
2.848036e-01 1.340227e-01
2.656088e-01 1.293912e-01
2.477076e-01 1.266322e-01
2.310130e-01 1.243458e-01
2.154435e-01 1.226599e-01
2.009233e-01 1.205146e-01
1.873817e-01 1.225702e-01
1.747528e-01 1.240506e-01
1.629751e-01 1.282077e-01
1.519911e-01 1.343755e-01
1.417474e-01 1.409261e-01
1.321941e-01 1.492149e-01
1.232847e-01 1.569417e-01
1.149757e-01 1.663012e-01
1.072267e-01 1.790886e-01
1.000000e-01 1.919108e-01
9.326033e-02 2.055948e-01
8.697490e-02 2.153772e-01
8.111308e-02 2.324186e-01
7.564633e-02 2.386820e-01
7.054802e-02 2.444446e-01
6.579332e-02 2.509774e-01
6.135907e-02 2.575969e-01
5.722368e-02 2.491792e-01
5.336699e-02 2.462279e-01
4.977024e-02 2.453367e-01
4.641589e-02 2.326260e-01
4.328761e-02 2.142803e-01
4.037017e-02 2.014249e-01
3.764936e-02 1.837573e-01
3.511192e-02 1.585221e-01
3.274549e-02 1.436937e-01
3.053856e-02 1.291602e-01
2.848036e-02 1.241649e-01
2.656088e-02 1.033868e-01
2.477076e-02 8.780396e-02
2.310130e-02 7.459643e-02
2.154435e-02 6.615663e-02
2.009233e-02 5.056057e-02
1.873817e-02 4.929690e-02
1.747528e-02 3.572622e-02
1.629751e-02 2.966851e-02
1.519911e-02 2.240650e-02
1.417474e-02 1.483304e-02
1.321941e-02 1.059716e-02
1.232847e-02 8.127654e-03
1.149757e-02 6.232379e-03
1.072267e-02 4.479919e-03
1.000000e-02 3.091108e-03
