1.000000e+01 1.519944e-03
9.326033e+00 1.746210e-03
8.697490e+00 2.005943e-03
8.111308e+00 2.304016e-03
7.564633e+00 2.645979e-03
7.054802e+00 3.038156e-03
6.579332e+00 3.487824e-03
6.135907e+00 4.003004e-03
5.722368e+00 4.593283e-03
5.336699e+00 5.268684e-03
4.977024e+00 6.041381e-03
4.641589e+00 6.924808e-03
4.328761e+00 7.933685e-03
4.037017e+00 9.085696e-03
3.764936e+00 1.039786e-02
3.511192e+00 1.189106e-02
3.274549e+00 1.358712e-02
3.053856e+00 1.551412e-02
2.848036e+00 1.769447e-02
2.656088e+00 2.016084e-02
2.477076e+00 2.293834e-02
2.310130e+00 2.606018e-02
2.154435e+00 2.956444e-02
2.009233e+00 3.345414e-02
1.873817e+00 3.777070e-02
1.747528e+00 4.257985e-02
1.629751e+00 4.783161e-02
1.519911e+00 5.359368e-02
1.417474e+00 5.979286e-02
1.321941e+00 6.654030e-02
1.232847e+00 7.360223e-02
1.149757e+00 8.116150e-02
1.072267e+00 8.898924e-02
1.000000e+00 9.709424e-02
9.326033e-01 1.050981e-01
8.697490e-01 1.131986e-01
8.111308e-01 1.212233e-01
7.564633e-01 1.284150e-01
7.054802e-01 1.352898e-01
6.579332e-01 1.412242e-01
6.135907e-01 1.464210e-01
5.722368e-01 1.507150e-01
5.336699e-01 1.530901e-01
4.977024e-01 1.544796e-01
4.641589e-01 1.549615e-01
4.328761e-01 1.539658e-01
4.037017e-01 1.526080e-01
3.764936e-01 1.490752e-01
3.511192e-01 1.460237e-01
3.274549e-01 1.418822e-01
3.053856e-01 1.374955e-01
2.848036e-01 1.339916e-01
2.656088e-01 1.288101e-01
2.477076e-01 1.263874e-01
2.310130e-01 1.225134e-01
2.154435e-01 1.217353e-01
2.009233e-01 1.207037e-01
1.873817e-01 1.210887e-01
1.747528e-01 1.247126e-01
1.629751e-01 1.283836e-01
1.519911e-01 1.327423e-01
1.417474e-01 1.396897e-01
1.321941e-01 1.493069e-01
1.232847e-01 1.576126e-01
1.149757e-01 1.693531e-01
1.072267e-01 1.776532e-01
1.000000e-01 1.946227e-01
9.326033e-02 2.065307e-01
8.697490e-02 2.190762e-01
8.111308e-02 2.300095e-01
7.564633e-02 2.331860e-01
7.054802e-02 2.453630e-01
6.579332e-02 2.541149e-01
6.135907e-02 2.505405e-01
5.722368e-02 2.546702e-01
5.336699e-02 2.420837e-01
4.977024e-02 2.507245e-01
4.641589e-02 2.272050e-01
4.328761e-02 2.176328e-01
4.037017e-02 1.992245e-01
3.764936e-02 1.853071e-01
3.511192e-02 1.720015e-01
3.274549e-02 1.489113e-01
3.053856e-02 1.344693e-01
2.848036e-02 1.183785e-01
2.656088e-02 1.115943e-01
2.477076e-02 1.000666e-01
2.310130e-02 8.403065e-02
2.154435e-02 6.440918e-02
2.009233e-02 5.080567e-02
1.873817e-02 4.313788e-02
1.747528e-02 3.076444e-02
1.629751e-02 2.045735e-02
1.519911e-02 1.467458e-02
1.417474e-02 1.330259e-02
1.321941e-02 1.177226e-02
1.232847e-02 1.015652e-02
1.149757e-02 7.788915e-03
1.072267e-02 2.688488e-03
1.000000e-02 2.060944e-03
