1.000000e+01 1.519944e-03
9.326033e+00 1.746212e-03
8.697490e+00 2.005953e-03
8.111308e+00 2.304003e-03
7.564633e+00 2.645960e-03
7.054802e+00 3.038136e-03
6.579332e+00 3.487668e-03
6.135907e+00 4.002808e-03
5.722368e+00 4.593062e-03
5.336699e+00 5.268763e-03
4.977024e+00 6.041510e-03
4.641589e+00 6.924859e-03
4.328761e+00 7.933581e-03
4.037017e+00 9.084859e-03
3.764936e+00 1.039741e-02
3.511192e+00 1.188953e-02
3.274549e+00 1.358990e-02
3.053856e+00 1.551421e-02
2.848036e+00 1.769380e-02
2.656088e+00 2.016081e-02
2.477076e+00 2.293742e-02
2.310130e+00 2.605928e-02
2.154435e+00 2.956090e-02
2.009233e+00 3.345484e-02
1.873817e+00 3.776951e-02
1.747528e+00 4.257090e-02
1.629751e+00 4.781823e-02
1.519911e+00 5.358057e-02
1.417474e+00 5.982125e-02
1.321941e+00 6.656438e-02
1.232847e+00 7.371535e-02
1.149757e+00 8.121769e-02
1.072267e+00 8.902095e-02
1.000000e+00 9.699962e-02
9.326033e-01 1.052182e-01
8.697490e-01 1.131995e-01
8.111308e-01 1.211536e-01
7.564633e-01 1.286969e-01
7.054802e-01 1.353932e-01
6.579332e-01 1.416132e-01
6.135907e-01 1.464147e-01
5.722368e-01 1.504924e-01
5.336699e-01 1.531425e-01
4.977024e-01 1.547076e-01
4.641589e-01 1.552855e-01
4.328761e-01 1.539143e-01
4.037017e-01 1.521416e-01
3.764936e-01 1.490074e-01
3.511192e-01 1.455710e-01
3.274549e-01 1.416292e-01
3.053856e-01 1.370249e-01
2.848036e-01 1.328036e-01
2.656088e-01 1.286316e-01
2.477076e-01 1.249390e-01
2.310130e-01 1.238382e-01
2.154435e-01 1.220557e-01
2.009233e-01 1.201887e-01
1.873817e-01 1.225660e-01
1.747528e-01 1.238117e-01
1.629751e-01 1.286650e-01
1.519911e-01 1.335615e-01
1.417474e-01 1.404061e-01
1.321941e-01 1.497033e-01
1.232847e-01 1.562944e-01
1.149757e-01 1.685685e-01
1.072267e-01 1.810532e-01
1.000000e-01 1.909468e-01
9.326033e-02 2.067397e-01
8.697490e-02 2.142486e-01
8.111308e-02 2.274548e-01
7.564633e-02 2.385318e-01
7.054802e-02 2.586813e-01
6.579332e-02 2.554563e-01
6.135907e-02 2.529191e-01
5.722368e-02 2.511457e-01
5.336699e-02 2.459911e-01
4.977024e-02 2.487828e-01
4.641589e-02 2.326052e-01
4.328761e-02 2.182843e-01
4.037017e-02 2.119429e-01
3.764936e-02 1.820507e-01
3.511192e-02 1.611675e-01
3.274549e-02 1.478453e-01
3.053856e-02 1.399870e-01
2.848036e-02 1.220536e-01
2.656088e-02 1.077215e-01
2.477076e-02 9.534917e-02
2.310130e-02 9.090791e-02
2.154435e-02 6.966505e-02
2.009233e-02 6.015616e-02
1.873817e-02 4.838803e-02
1.747528e-02 3.902563e-02
1.629751e-02 3.441947e-02
1.519911e-02 2.925199e-02
1.417474e-02 1.890973e-02
1.321941e-02 1.588141e-02
1.232847e-02 1.150841e-02
1.149757e-02 8.566949e-03
1.072267e-02 8.060630e-03
1.000000e-02 4.121067e-03
