1.000000e+01 1.519920e-03
9.326033e+00 1.746217e-03
8.697490e+00 2.005958e-03
8.111308e+00 2.303973e-03
7.564633e+00 2.645993e-03
7.054802e+00 3.038100e-03
6.579332e+00 3.487828e-03
6.135907e+00 4.003027e-03
5.722368e+00 4.593033e-03
5.336699e+00 5.268753e-03
4.977024e+00 6.041629e-03
4.641589e+00 6.924661e-03
4.328761e+00 7.933922e-03
4.037017e+00 9.084512e-03
3.764936e+00 1.039678e-02
3.511192e+00 1.189035e-02
3.274549e+00 1.358843e-02
3.053856e+00 1.551496e-02
2.848036e+00 1.769806e-02
2.656088e+00 2.015840e-02
2.477076e+00 2.293455e-02
2.310130e+00 2.605831e-02
2.154435e+00 2.955944e-02
2.009233e+00 3.345517e-02
1.873817e+00 3.780454e-02
1.747528e+00 4.257807e-02
1.629751e+00 4.782500e-02
1.519911e+00 5.357264e-02
1.417474e+00 5.979363e-02
1.321941e+00 6.652018e-02
1.232847e+00 7.365601e-02
1.149757e+00 8.117910e-02
1.072267e+00 8.906447e-02
1.000000e+00 9.711255e-02
9.326033e-01 1.050547e-01
8.697490e-01 1.133222e-01
8.111308e-01 1.210072e-01
7.564633e-01 1.286747e-01
7.054802e-01 1.353624e-01
6.579332e-01 1.412560e-01
6.135907e-01 1.463728e-01
5.722368e-01 1.502624e-01
5.336699e-01 1.532920e-01
4.977024e-01 1.547311e-01
4.641589e-01 1.547853e-01
4.328761e-01 1.541434e-01
4.037017e-01 1.521521e-01
3.764936e-01 1.490927e-01
3.511192e-01 1.459251e-01
3.274549e-01 1.418055e-01
3.053856e-01 1.374157e-01
2.848036e-01 1.335649e-01
2.656088e-01 1.289267e-01
2.477076e-01 1.258110e-01
2.310130e-01 1.232849e-01
2.154435e-01 1.222022e-01
2.009233e-01 1.209967e-01
1.873817e-01 1.217015e-01
1.747528e-01 1.243659e-01
1.629751e-01 1.274178e-01
1.519911e-01 1.333613e-01
1.417474e-01 1.404927e-01
1.321941e-01 1.483492e-01
1.232847e-01 1.590307e-01
1.149757e-01 1.699798e-01
1.072267e-01 1.803918e-01
1.000000e-01 1.892679e-01
9.326033e-02 2.045746e-01
8.697490e-02 2.167974e-01
8.111308e-02 2.307915e-01
7.564633e-02 2.405572e-01
7.054802e-02 2.467610e-01
6.579332e-02 2.497855e-01
6.135907e-02 2.515642e-01
5.722368e-02 2.568893e-01
5.336699e-02 2.515642e-01
4.977024e-02 2.385185e-01
4.641589e-02 2.313712e-01
4.328761e-02 2.070840e-01
4.037017e-02 1.944854e-01
3.764936e-02 1.811297e-01
3.511192e-02 1.621436e-01
3.274549e-02 1.502242e-01
3.053856e-02 1.300342e-01
2.848036e-02 1.135994e-01
2.656088e-02 1.036566e-01
2.477076e-02 9.309267e-02
2.310130e-02 7.518393e-02
2.154435e-02 6.858395e-02
2.009233e-02 6.255573e-02
1.873817e-02 4.993418e-02
1.747528e-02 4.034350e-02
1.629751e-02 3.079519e-02
1.519911e-02 2.352098e-02
1.417474e-02 1.840050e-02
1.321941e-02 1.294689e-02
1.232847e-02 8.804077e-03
1.149757e-02 7.010725e-03
1.072267e-02 2.688488e-03
1.000000e-02 3.091108e-03
