1.000000e+01 1.519949e-03
9.326033e+00 1.746220e-03
8.697490e+00 2.005961e-03
8.111308e+00 2.303997e-03
7.564633e+00 2.645938e-03
7.054802e+00 3.038150e-03
6.579332e+00 3.487842e-03
6.135907e+00 4.002967e-03
5.722368e+00 4.592940e-03
5.336699e+00 5.268642e-03
4.977024e+00 6.041410e-03
4.641589e+00 6.924813e-03
4.328761e+00 7.933449e-03
4.037017e+00 9.084665e-03
3.764936e+00 1.039697e-02
3.511192e+00 1.189073e-02
3.274549e+00 1.358806e-02
3.053856e+00 1.551499e-02
2.848036e+00 1.769527e-02
2.656088e+00 2.016010e-02
2.477076e+00 2.294006e-02
2.310130e+00 2.605762e-02
2.154435e+00 2.955017e-02
2.009233e+00 3.344336e-02
1.873817e+00 3.780042e-02
1.747528e+00 4.257204e-02
1.629751e+00 4.781538e-02
1.519911e+00 5.358768e-02
1.417474e+00 5.982197e-02
1.321941e+00 6.648098e-02
1.232847e+00 7.371773e-02
1.149757e+00 8.122215e-02
1.072267e+00 8.908842e-02
1.000000e+00 9.714295e-02
9.326033e-01 1.052613e-01
8.697490e-01 1.133163e-01
8.111308e-01 1.210410e-01
7.564633e-01 1.284540e-01
7.054802e-01 1.353092e-01
6.579332e-01 1.412629e-01
6.135907e-01 1.463816e-01
5.722368e-01 1.503084e-01
5.336699e-01 1.531084e-01
4.977024e-01 1.545962e-01
4.641589e-01 1.549668e-01
4.328761e-01 1.540285e-01
4.037017e-01 1.521010e-01
3.764936e-01 1.489379e-01
3.511192e-01 1.456731e-01
3.274549e-01 1.416348e-01
3.053856e-01 1.375765e-01
2.848036e-01 1.333351e-01
2.656088e-01 1.286533e-01
2.477076e-01 1.255068e-01
2.310130e-01 1.234749e-01
2.154435e-01 1.227253e-01
2.009233e-01 1.215429e-01
1.873817e-01 1.223703e-01
1.747528e-01 1.252930e-01
1.629751e-01 1.280558e-01
1.519911e-01 1.329737e-01
1.417474e-01 1.398221e-01
1.321941e-01 1.482057e-01
1.232847e-01 1.585404e-01
1.149757e-01 1.690051e-01
1.072267e-01 1.819121e-01
1.000000e-01 1.943817e-01
9.326033e-02 2.017583e-01
8.697490e-02 2.148260e-01
8.111308e-02 2.296734e-01
7.564633e-02 2.397661e-01
7.054802e-02 2.451156e-01
6.579332e-02 2.480491e-01
6.135907e-02 2.541939e-01
5.722368e-02 2.513222e-01
5.336699e-02 2.481996e-01
4.977024e-02 2.451166e-01
4.641589e-02 2.263578e-01
4.328761e-02 2.109550e-01
4.037017e-02 1.990028e-01
3.764936e-02 1.906936e-01
3.511192e-02 1.696399e-01
3.274549e-02 1.433440e-01
3.053856e-02 1.350049e-01
2.848036e-02 1.101541e-01
2.656088e-02 1.026950e-01
2.477076e-02 9.108208e-02
2.310130e-02 7.286824e-02
2.154435e-02 6.385458e-02
2.009233e-02 5.307152e-02
1.873817e-02 4.254211e-02
1.747528e-02 3.407398e-02
1.629751e-02 2.852131e-02
1.519911e-02 1.998670e-02
1.417474e-02 1.228177e-02
1.321941e-02 1.118477e-02
1.232847e-02 4.743504e-03
1.149757e-02 4.675219e-03
1.072267e-02 3.584294e-03
1.000000e-02 1.030573e-03
