1.000000e+01 1.519901e-03
9.326033e+00 1.746220e-03
8.697490e+00 2.005940e-03
8.111308e+00 2.303990e-03
7.564633e+00 2.645950e-03
7.054802e+00 3.038206e-03
6.579332e+00 3.487760e-03
6.135907e+00 4.002861e-03
5.722368e+00 4.593019e-03
5.336699e+00 5.268799e-03
4.977024e+00 6.041278e-03
4.641589e+00 6.925176e-03
4.328761e+00 7.933667e-03
4.037017e+00 9.085870e-03
3.764936e+00 1.039713e-02
3.511192e+00 1.189009e-02
3.274549e+00 1.358976e-02
3.053856e+00 1.551433e-02
2.848036e+00 1.769293e-02
2.656088e+00 2.015807e-02
2.477076e+00 2.293495e-02
2.310130e+00 2.605860e-02
2.154435e+00 2.955862e-02
2.009233e+00 3.345621e-02
1.873817e+00 3.777722e-02
1.747528e+00 4.257301e-02
1.629751e+00 4.783415e-02
1.519911e+00 5.360623e-02
1.417474e+00 5.984163e-02
1.321941e+00 6.650194e-02
1.232847e+00 7.371802e-02
1.149757e+00 8.118813e-02
1.072267e+00 8.903402e-02
1.000000e+00 9.699438e-02
9.326033e-01 1.052736e-01
8.697490e-01 1.132049e-01
8.111308e-01 1.209686e-01
7.564633e-01 1.286367e-01
7.054802e-01 1.353546e-01
6.579332e-01 1.414627e-01
6.135907e-01 1.461736e-01
5.722368e-01 1.502485e-01
5.336699e-01 1.530296e-01
4.977024e-01 1.549899e-01
4.641589e-01 1.547703e-01
4.328761e-01 1.537666e-01
4.037017e-01 1.516775e-01
3.764936e-01 1.491703e-01
3.511192e-01 1.455382e-01
3.274549e-01 1.410796e-01
3.053856e-01 1.365545e-01
2.848036e-01 1.329702e-01
2.656088e-01 1.293019e-01
2.477076e-01 1.255350e-01
2.310130e-01 1.231695e-01
2.154435e-01 1.223431e-01
2.009233e-01 1.209821e-01
1.873817e-01 1.218077e-01
1.747528e-01 1.237768e-01
1.629751e-01 1.278301e-01
1.519911e-01 1.343830e-01
1.417474e-01 1.400154e-01
1.321941e-01 1.484148e-01
1.232847e-01 1.591893e-01
1.149757e-01 1.685813e-01
1.072267e-01 1.808036e-01
1.000000e-01 1.917771e-01
9.326033e-02 2.066746e-01
8.697490e-02 2.154326e-01
8.111308e-02 2.279333e-01
7.564633e-02 2.368875e-01
7.054802e-02 2.460259e-01
6.579332e-02 2.439887e-01
6.135907e-02 2.531010e-01
5.722368e-02 2.549748e-01
5.336699e-02 2.421097e-01
4.977024e-02 2.477817e-01
4.641589e-02 2.296391e-01
4.328761e-02 2.165364e-01
4.037017e-02 1.972225e-01
3.764936e-02 1.866610e-01
3.511192e-02 1.623006e-01
3.274549e-02 1.491451e-01
3.053856e-02 1.329244e-01
2.848036e-02 1.249178e-01
2.656088e-02 1.066553e-01
2.477076e-02 9.534782e-02
2.310130e-02 8.456221e-02
2.154435e-02 6.953904e-02
2.009233e-02 5.774869e-02
1.873817e-02 4.867205e-02
1.747528e-02 3.671675e-02
1.629751e-02 3.041332e-02
1.519911e-02 2.396236e-02
1.417474e-02 1.941885e-02
1.321941e-02 1.470796e-02
1.232847e-02 8.127654e-03
1.149757e-02 3.896405e-03
1.072267e-02 3.584294e-03
1.000000e-02 1.030573e-03
