1.000000e+01 1.519936e-03
9.326033e+00 1.746203e-03
8.697490e+00 2.005970e-03
8.111308e+00 2.303996e-03
7.564633e+00 2.645930e-03
7.054802e+00 3.038147e-03
6.579332e+00 3.487720e-03
6.135907e+00 4.002879e-03
5.722368e+00 4.593085e-03
5.336699e+00 5.268744e-03
4.977024e+00 6.041243e-03
4.641589e+00 6.924784e-03
4.328761e+00 7.933849e-03
4.037017e+00 9.085427e-03
3.764936e+00 1.039806e-02
3.511192e+00 1.189076e-02
3.274549e+00 1.358722e-02
3.053856e+00 1.551391e-02
2.848036e+00 1.769603e-02
2.656088e+00 2.015993e-02
2.477076e+00 2.293668e-02
2.310130e+00 2.605730e-02
2.154435e+00 2.955470e-02
2.009233e+00 3.345210e-02
1.873817e+00 3.779033e-02
1.747528e+00 4.256731e-02
1.629751e+00 4.784230e-02
1.519911e+00 5.358886e-02
1.417474e+00 5.980400e-02
1.321941e+00 6.653767e-02
1.232847e+00 7.364602e-02
1.149757e+00 8.120885e-02
1.072267e+00 8.900609e-02
1.000000e+00 9.704467e-02
9.326033e-01 1.051528e-01
8.697490e-01 1.132510e-01
8.111308e-01 1.211193e-01
7.564633e-01 1.285382e-01
7.054802e-01 1.351731e-01
6.579332e-01 1.413936e-01
6.135907e-01 1.464875e-01
5.722368e-01 1.504497e-01
5.336699e-01 1.531295e-01
4.977024e-01 1.547147e-01
4.641589e-01 1.551620e-01
4.328761e-01 1.538965e-01
4.037017e-01 1.522792e-01
3.764936e-01 1.492085e-01
3.511192e-01 1.453045e-01
3.274549e-01 1.415826e-01
3.053856e-01 1.372576e-01
2.848036e-01 1.333725e-01
2.656088e-01 1.294707e-01
2.477076e-01 1.257631e-01
2.310130e-01 1.237390e-01
2.154435e-01 1.217740e-01
2.009233e-01 1.213820e-01
1.873817e-01 1.222396e-01
1.747528e-01 1.243816e-01
1.629751e-01 1.284498e-01
1.519911e-01 1.337313e-01
1.417474e-01 1.402513e-01
1.321941e-01 1.493078e-01
1.232847e-01 1.567915e-01
1.149757e-01 1.689230e-01
1.072267e-01 1.807017e-01
1.000000e-01 1.914674e-01
9.326033e-02 2.067134e-01
8.697490e-02 2.182835e-01
8.111308e-02 2.286831e-01
7.564633e-02 2.384830e-01
7.054802e-02 2.489131e-01
6.579332e-02 2.529367e-01
6.135907e-02 2.514329e-01
5.722368e-02 2.545211e-01
5.336699e-02 2.487682e-01
4.977024e-02 2.438858e-01
4.641589e-02 2.304179e-01
4.328761e-02 2.116334e-01
4.037017e-02 2.042162e-01
3.764936e-02 1.812782e-01
3.511192e-02 1.620869e-01
3.274549e-02 1.452552e-01
3.053856e-02 1.302546e-01
2.848036e-02 1.197155e-01
2.656088e-02 1.013811e-01
2.477076e-02 9.080172e-02
2.310130e-02 7.735384e-02
2.154435e-02 6.752958e-02
2.009233e-02 5.831675e-02
1.873817e-02 4.886756e-02
1.747528e-02 3.746511e-02
1.629751e-02 2.859836e-02
1.519911e-02 2.374168e-02
1.417474e-02 1.636257e-02
1.321941e-02 1.221281e-02
1.232847e-02 8.127664e-03
1.149757e-02 4.869909e-03
1.072267e-02 3.136426e-03
1.000000e-02 1.545799e-03
