1.000000000000000000e+01 1.519954148116536407e-03
9.478885402286914896e+00 1.690660105863222998e-03
8.984926846968804171e+00 1.880479845292448889e-03
8.516709193034838421e+00 2.091386541610510547e-03
8.072891044538069494e+00 2.325844739398816134e-03
7.652200907632474625e+00 2.586198672496868578e-03
7.253433547872413456e+00 2.875673810148089270e-03
6.875446537338607556e+00 3.196941928316912509e-03
6.517156981698303042e+00 3.553631351501763697e-03
6.177538417823229544e+00 3.950014848497851797e-03
5.855617873077126667e+00 4.389359093493775885e-03
5.550473077848112169e+00 4.876948168440309317e-03
5.261229823340104694e+00 5.417857497693853892e-03
4.987059457053507394e+00 6.017861405922420026e-03
4.727176508780142505e+00 6.682405023174789981e-03
4.480836440310972613e+00 7.418229814026915461e-03
4.247333512409896095e+00 8.231848444488374869e-03
4.025998762942617049e+00 9.133476324435774868e-03
3.816198090368196905e+00 1.013038665795434196e-02
3.617330437102631358e+00 1.122951653697625007e-02
3.428826067550029499e+00 1.244450094594482491e-02
3.250144935868083618e+00 1.378573988958937610e-02
3.080775138791671530e+00 1.525915218700309856e-02
2.920231449082083319e+00 1.688442334616832227e-02
2.768053925400333348e+00 1.866531964290120069e-02
2.623806594622022370e+00 2.063180393763883874e-02
2.487076202818683690e+00 2.276422669743549329e-02
2.357471031327320166e+00 2.512892690862645467e-02
2.234619774516281243e+00 2.768158854914255784e-02
2.118170476032406491e+00 3.045752017120494440e-02
2.007789520481871204e+00 3.350416492516234551e-02
1.903160677656026145e+00 3.677886436119352787e-02
1.803984196564018649e+00 4.034354836833937974e-02
1.709975946676696390e+00 4.413996237695471531e-02
1.620866603921549132e+00 4.827864043479000028e-02
1.536400879096634586e+00 5.268453149726016332e-02
1.456336786492987923e+00 5.735657113242956240e-02
1.380444950630182355e+00 6.231019979855603047e-02
1.308507949118911551e+00 6.754347378473017638e-02
1.240319689767964473e+00 7.307229519587965516e-02
1.175684820151059906e+00 7.874271982084203592e-02
1.114418167942020199e+00 8.459489734131381278e-02
1.056344210414894791e+00 9.078889980677461169e-02
1.001296571589204376e+00 9.699398683445877023e-02
9.491175455796847515e-01 1.031314094461359410e-01
8.996576447849663483e-01 1.093593674765579171e-01
8.527751716208047394e-01 1.156672971856013560e-01
8.083358125709168007e-01 1.214920178697832254e-01
7.662122533924198287e-01 1.271479194328394846e-01
7.262838143734769991e-01 1.326204347239640924e-01
6.884361045982013705e-01 1.375455729748226441e-01
6.525606942283160850e-01 1.417269217884390420e-01
6.185548038627003420e-01 1.459341410878521039e-01
5.863210100848598172e-01 1.491621949026918081e-01
5.557669663547496475e-01 1.522333111943408590e-01
5.268051384453321662e-01 1.537673787638129397e-01
4.993525536659198516e-01 1.544913574068599582e-01
4.733305631538582969e-01 1.551720930537175136e-01
4.486646165535352893e-01 1.544048132914014326e-01
4.252840484371963048e-01 1.534405375134877958e-01
4.031218758556823212e-01 1.514265137473566059e-01
3.821146064390945618e-01 1.499348565158342694e-01
3.622020564976144441e-01 1.464039331490993578e-01
3.433271786013539772e-01 1.441332101766465701e-01
3.254358981452726840e-01 1.407003783142106168e-01
3.084769584309358104e-01 1.377373752713409172e-01
2.924017738212865147e-01 1.351833024864062816e-01
2.771642905477394447e-01 1.319472648739209442e-01
2.627208547708177466e-01 1.288067769145454788e-01
2.490300875163445338e-01 1.262205099836086475e-01
2.360527661288912005e-01 1.239180669262871931e-01
2.237517119028594459e-01 1.223107799904126908e-01
2.120916835692722435e-01 1.202155412932014167e-01
2.010392763331231014e-01 1.201716849275941829e-01
1.905628261720366257e-01 1.220652543725423006e-01
1.806323191220657598e-01 1.236428343504015481e-01
1.712193052907381441e-01 1.252416938951865510e-01
1.622968173510084822e-01 1.286531713255062992e-01
1.538392932826100623e-01 1.324787368743398364e-01
1.458225031394668469e-01 1.371521151218458023e-01
1.382234796333630389e-01 1.447983370400630354e-01
1.310204523349988159e-01 1.508477713308037649e-01
1.241927853039248991e-01 1.555368059108932777e-01
1.177209179686727059e-01 1.661479440551297537e-01
1.115863090877067532e-01 1.720150222869003265e-01
1.057713836306539423e-01 1.768183100991297663e-01
1.002594824276295260e-01 1.933733451950506166e-01
9.503481444240990950e-02 2.087743417138027135e-01
9.008241153272053547e-02 2.064812185047502080e-01
8.538808556803074989e-02 2.260530160234547892e-01
8.093838778200329598e-02 2.290367812351852550e-01
7.672057024314690721e-02 2.341858413419360962e-01
7.272254933328929638e-02 2.360056423462514319e-01
6.893287112924062487e-02 2.511473515353933039e-01
6.534067858846842602e-02 2.245763600622915634e-01
6.193568044477548717e-02 2.802369152966025512e-01
5.870812172486897240e-02 2.519057462599114117e-01
5.564875580135437289e-02 2.606450507612555478e-01
5.274881790208874738e-02 2.470194805528343751e-01
4.999999999999999584e-02 2.504092814683009927e-01
