4.000000e+00 1.001347e-02
3.176534e+00 1.556727e-02
2.522591e+00 2.393313e-02
2.003274e+00 3.617214e-02
1.590867e+00 5.328636e-02
1.263360e+00 7.561346e-02
1.003277e+00 1.018011e-01
7.967354e-01 1.278078e-01
6.327142e-01 1.471530e-01
5.024595e-01 1.535424e-01
3.990198e-01 1.450217e-01
3.168750e-01 1.253575e-01
2.516410e-01 1.020420e-01
1.998365e-01 8.102176e-02
1.586968e-01 6.512266e-02
1.260265e-01 5.429417e-02
1.000818e-01 4.851614e-02
7.947831e-02 4.762467e-02
6.311638e-02 5.226978e-02
5.012282e-02 6.534549e-02
3.980421e-02 9.087086e-02
3.160985e-02 1.368443e-01
2.510244e-02 2.006256e-01
1.993468e-02 2.525227e-01
1.583080e-02 2.979071e-01
1.257176e-02 2.915417e-01
9.983657e-03 1.225646e-01
7.928355e-03 2.985632e-02
6.296172e-03 1.037944e-02
5.000000e-03 7.322128e-03
