4.000000e+00 1.001347e-02
3.176534e+00 1.556727e-02
2.522591e+00 2.393312e-02
2.003274e+00 3.617212e-02
1.590867e+00 5.328644e-02
1.263360e+00 7.561284e-02
1.003277e+00 1.018021e-01
7.967354e-01 1.278051e-01
6.327142e-01 1.471407e-01
5.024595e-01 1.535436e-01
3.990198e-01 1.449438e-01
3.168750e-01 1.253863e-01
2.516410e-01 1.020628e-01
1.998365e-01 8.098872e-02
1.586968e-01 6.511948e-02
1.260265e-01 5.429784e-02
1.000818e-01 4.841244e-02
7.947831e-02 4.697224e-02
6.311638e-02 5.220017e-02
5.012282e-02 6.647899e-02
3.980421e-02 9.227659e-02
3.160985e-02 1.367096e-01
2.510244e-02 1.937139e-01
1.993468e-02 2.595843e-01
1.583080e-02 2.963735e-01
1.257176e-02 2.784244e-01
9.983657e-03 1.250685e-01
7.928355e-03 2.887578e-02
6.296172e-03 8.149987e-03
5.000000e-03 3.253589e-03
