4.000000e+00 1.001347e-02
3.176534e+00 1.556727e-02
2.522591e+00 2.393310e-02
2.003274e+00 3.617219e-02
1.590867e+00 5.328644e-02
1.263360e+00 7.561288e-02
1.003277e+00 1.018035e-01
7.967354e-01 1.278082e-01
6.327142e-01 1.471515e-01
5.024595e-01 1.535337e-01
3.990198e-01 1.450014e-01
3.168750e-01 1.253489e-01
2.516410e-01 1.020360e-01
1.998365e-01 8.108862e-02
1.586968e-01 6.506927e-02
1.260265e-01 5.432019e-02
1.000818e-01 4.849245e-02
7.947831e-02 4.712541e-02
6.311638e-02 5.220694e-02
5.012282e-02 6.546312e-02
3.980421e-02 9.186250e-02
3.160985e-02 1.366890e-01
2.510244e-02 2.001393e-01
1.993468e-02 2.597914e-01
1.583080e-02 3.035561e-01
1.257176e-02 2.719804e-01
9.983657e-03 1.431810e-01
7.928355e-03 3.974773e-02
6.296172e-03 1.135919e-02
5.000000e-03 4.585076e-03
