4.000000e+00 1.001347e-02
3.176534e+00 1.556727e-02
2.522591e+00 2.393312e-02
2.003274e+00 3.617208e-02
1.590867e+00 5.328652e-02
1.263360e+00 7.561293e-02
1.003277e+00 1.018003e-01
7.967354e-01 1.278123e-01
6.327142e-01 1.471545e-01
5.024595e-01 1.535597e-01
3.990198e-01 1.449822e-01
3.168750e-01 1.253756e-01
2.516410e-01 1.020213e-01
1.998365e-01 8.111901e-02
1.586968e-01 6.512532e-02
1.260265e-01 5.432018e-02
1.000818e-01 4.849964e-02
7.947831e-02 4.742421e-02
6.311638e-02 5.270086e-02
5.012282e-02 6.665060e-02
3.980421e-02 9.405710e-02
3.160985e-02 1.384297e-01
2.510244e-02 1.918753e-01
1.993468e-02 2.586094e-01
1.583080e-02 3.071751e-01
1.257176e-02 2.852308e-01
9.983657e-03 1.297498e-01
7.928355e-03 2.791754e-02
6.296172e-03 8.108053e-03
5.000000e-03 4.193992e-03
