4.000000e+00 1.001347e-02
3.176534e+00 1.556727e-02
2.522591e+00 2.393310e-02
2.003274e+00 3.617217e-02
1.590867e+00 5.328636e-02
1.263360e+00 7.561318e-02
1.003277e+00 1.017981e-01
7.967354e-01 1.278053e-01
6.327142e-01 1.471554e-01
5.024595e-01 1.535313e-01
3.990198e-01 1.449888e-01
3.168750e-01 1.253853e-01
2.516410e-01 1.019909e-01
1.998365e-01 8.103124e-02
1.586968e-01 6.509545e-02
1.260265e-01 5.430695e-02
1.000818e-01 4.819657e-02
7.947831e-02 4.706530e-02
6.311638e-02 5.237344e-02
5.012282e-02 6.651792e-02
3.980421e-02 9.357929e-02
3.160985e-02 1.423506e-01
2.510244e-02 2.000630e-01
1.993468e-02 2.592820e-01
1.583080e-02 3.110443e-01
1.257176e-02 2.957673e-01
9.983657e-03 1.435641e-01
7.928355e-03 3.443690e-02
6.296172e-03 7.537750e-03
5.000000e-03 2.254591e-03
