4.000000e+00 1.001347e-02
3.176534e+00 1.556728e-02
2.522591e+00 2.393312e-02
2.003274e+00 3.617214e-02
1.590867e+00 5.328625e-02
1.263360e+00 7.561218e-02
1.003277e+00 1.017990e-01
7.967354e-01 1.277993e-01
6.327142e-01 1.471464e-01
5.024595e-01 1.535687e-01
3.990198e-01 1.449731e-01
3.168750e-01 1.253676e-01
2.516410e-01 1.019834e-01
1.998365e-01 8.111729e-02
1.586968e-01 6.495682e-02
1.260265e-01 5.436667e-02
1.000818e-01 4.837341e-02
7.947831e-02 4.673186e-02
6.311638e-02 5.183318e-02
5.012282e-02 6.621837e-02
3.980421e-02 9.277079e-02
3.160985e-02 1.384317e-01
2.510244e-02 1.952368e-01
1.993468e-02 2.639050e-01
1.583080e-02 3.335478e-01
1.257176e-02 3.081411e-01
9.983657e-03 1.111367e-01
7.928355e-03 2.323071e-02
6.296172e-03 7.537622e-03
5.000000e-03 3.331888e-03
