4.000000e+00 1.001347e-02
3.176534e+00 1.556727e-02
2.522591e+00 2.393312e-02
2.003274e+00 3.617214e-02
1.590867e+00 5.328651e-02
1.263360e+00 7.561192e-02
1.003277e+00 1.018013e-01
7.967354e-01 1.278030e-01
6.327142e-01 1.471505e-01
5.024595e-01 1.535305e-01
3.990198e-01 1.449797e-01
3.168750e-01 1.253452e-01
2.516410e-01 1.020222e-01
1.998365e-01 8.098038e-02
1.586968e-01 6.501817e-02
1.260265e-01 5.421576e-02
1.000818e-01 4.835536e-02
7.947831e-02 4.724415e-02
6.311638e-02 5.212095e-02
5.012282e-02 6.583135e-02
3.980421e-02 9.361387e-02
3.160985e-02 1.376471e-01
2.510244e-02 2.005685e-01
1.993468e-02 2.531466e-01
1.583080e-02 2.970565e-01
1.257176e-02 3.000558e-01
9.983657e-03 1.139178e-01
7.928355e-03 2.575557e-02
6.296172e-03 6.923201e-03
5.000000e-03 2.934680e-03
