4.000000e+00 1.001347e-02
3.176534e+00 1.556727e-02
2.522591e+00 2.393312e-02
2.003274e+00 3.617208e-02
1.590867e+00 5.328627e-02
1.263360e+00 7.561315e-02
1.003277e+00 1.017994e-01
7.967354e-01 1.278106e-01
6.327142e-01 1.471443e-01
5.024595e-01 1.535343e-01
3.990198e-01 1.449846e-01
3.168750e-01 1.253271e-01
2.516410e-01 1.020510e-01
1.998365e-01 8.102430e-02
1.586968e-01 6.496650e-02
1.260265e-01 5.451917e-02
1.000818e-01 4.827440e-02
7.947831e-02 4.756659e-02
6.311638e-02 5.209389e-02
5.012282e-02 6.432170e-02
3.980421e-02 9.160592e-02
3.160985e-02 1.387999e-01
2.510244e-02 1.993814e-01
1.993468e-02 2.583830e-01
1.583080e-02 2.946397e-01
1.257176e-02 3.168932e-01
9.983657e-03 1.261530e-01
7.928355e-03 2.707529e-02
6.296172e-03 7.723876e-03
5.000000e-03 4.447773e-03
