4.000000 0.010013 0.000000
3.176534 0.015567 0.000000
2.522591 0.023933 0.000000
2.003274 0.036172 0.000000
1.590867 0.053286 0.000000
1.263360 0.075613 0.000000
1.003277 0.101800 0.000000
0.796735 0.127807 0.000001
0.632714 0.147151 0.000002
0.502459 0.153548 0.000004
0.399020 0.144975 0.000007
0.316875 0.125364 0.000005
0.251641 0.102026 0.000005
0.199837 0.081041 0.000011
0.158697 0.065063 0.000014
0.126027 0.054316 0.000025
0.100082 0.048354 0.000031
0.079478 0.047113 0.000075
0.063116 0.052245 0.000083
0.050123 0.066174 0.000188
0.039804 0.092872 0.000264
0.031610 0.137920 0.000476
0.025102 0.197767 0.000768
0.019935 0.259859 0.001249
0.015831 0.307900 0.002580
0.012572 0.291284 0.003011
0.009984 0.129031 0.003698
0.007928 0.032389 0.002190
0.006296 0.008838 0.000680
0.005000 0.004197 0.000444
