4.000000e+00 1.001347e-02
3.176534e+00 1.556727e-02
2.522591e+00 2.393311e-02
2.003274e+00 3.617213e-02
1.590867e+00 5.328624e-02
1.263360e+00 7.561186e-02
1.003277e+00 1.017992e-01
7.967354e-01 1.278050e-01
6.327142e-01 1.471412e-01
5.024595e-01 1.535582e-01
3.990198e-01 1.449594e-01
3.168750e-01 1.253979e-01
2.516410e-01 1.020373e-01
1.998365e-01 8.102984e-02
1.586968e-01 6.502468e-02
1.260265e-01 5.436589e-02
1.000818e-01 4.827762e-02
7.947831e-02 4.715213e-02
6.311638e-02 5.218183e-02
5.012282e-02 6.578107e-02
3.980421e-02 9.218959e-02
3.160985e-02 1.361036e-01
2.510244e-02 1.962457e-01
1.993468e-02 2.599618e-01
1.583080e-02 3.149592e-01
1.257176e-02 2.984023e-01
9.983657e-03 1.162132e-01
7.928355e-03 2.638424e-02
6.296172e-03 8.588575e-03
5.000000e-03 4.148199e-03
