4.000000e+00 1.001347e-02
3.176534e+00 1.556727e-02
2.522591e+00 2.393311e-02
2.003274e+00 3.617211e-02
1.590867e+00 5.328623e-02
1.263360e+00 7.561284e-02
1.003277e+00 1.018017e-01
7.967354e-01 1.278045e-01
6.327142e-01 1.471621e-01
5.024595e-01 1.535583e-01
3.990198e-01 1.449290e-01
3.168750e-01 1.253665e-01
2.516410e-01 1.020101e-01
1.998365e-01 8.107113e-02
1.586968e-01 6.501561e-02
1.260265e-01 5.440159e-02
1.000818e-01 4.848966e-02
7.947831e-02 4.733227e-02
6.311638e-02 5.281085e-02
5.012282e-02 6.673948e-02
3.980421e-02 9.192006e-02
3.160985e-02 1.368061e-01
2.510244e-02 2.010739e-01
1.993468e-02 2.572834e-01
1.583080e-02 3.165000e-01
1.257176e-02 2.994588e-01
9.983657e-03 1.509892e-01
7.928355e-03 4.403812e-02
6.296172e-03 8.117258e-03
5.000000e-03 2.878170e-03
