4.000000e+00 1.001347e-02
3.176534e+00 1.556727e-02
2.522591e+00 2.393310e-02
2.003274e+00 3.617216e-02
1.590867e+00 5.328642e-02
1.263360e+00 7.561308e-02
1.003277e+00 1.017978e-01
7.967354e-01 1.278050e-01
6.327142e-01 1.471631e-01
5.024595e-01 1.535812e-01
3.990198e-01 1.449885e-01
3.168750e-01 1.253721e-01
2.516410e-01 1.020323e-01
1.998365e-01 8.099136e-02
1.586968e-01 6.507916e-02
1.260265e-01 5.435023e-02
1.000818e-01 4.816774e-02
7.947831e-02 4.709580e-02
6.311638e-02 5.194820e-02
5.012282e-02 6.571295e-02
3.980421e-02 9.270233e-02
3.160985e-02 1.379645e-01
2.510244e-02 2.020765e-01
1.993468e-02 2.604180e-01
1.583080e-02 3.037594e-01
1.257176e-02 2.808171e-01
9.983657e-03 1.432004e-01
7.928355e-03 4.644812e-02
6.296172e-03 1.777706e-02
5.000000e-03 9.317732e-03
