4.000000e+00 1.001347e-02
3.176534e+00 1.556727e-02
2.522591e+00 2.393313e-02
2.003274e+00 3.617213e-02
1.590867e+00 5.328643e-02
1.263360e+00 7.561244e-02
1.003277e+00 1.017974e-01
7.967354e-01 1.278110e-01
6.327142e-01 1.471430e-01
5.024595e-01 1.535269e-01
3.990198e-01 1.449911e-01
3.168750e-01 1.253684e-01
2.516410e-01 1.020214e-01
1.998365e-01 8.100965e-02
1.586968e-01 6.502220e-02
1.260265e-01 5.445183e-02
1.000818e-01 4.845748e-02
7.947831e-02 4.663125e-02
6.311638e-02 5.169995e-02
5.012282e-02 6.637266e-02
3.980421e-02 9.393143e-02
3.160985e-02 1.390703e-01
2.510244e-02 1.966705e-01
1.993468e-02 2.561427e-01
1.583080e-02 3.015513e-01
1.257176e-02 2.871866e-01
9.983657e-03 1.222190e-01
7.928355e-03 2.714591e-02
6.296172e-03 7.857051e-03
5.000000e-03 4.250387e-03
