4.000000e+00 1.001347e-02
3.176534e+00 1.556727e-02
2.522591e+00 2.393310e-02
2.003274e+00 3.617222e-02
1.590867e+00 5.328626e-02
1.263360e+00 7.561248e-02
1.003277e+00 1.018012e-01
7.967354e-01 1.278085e-01
6.327142e-01 1.471587e-01
5.024595e-01 1.535414e-01
3.990198e-01 1.449972e-01
3.168750e-01 1.253796e-01
2.516410e-01 1.020462e-01
1.998365e-01 8.101904e-02
1.586968e-01 6.506507e-02
1.260265e-01 5.417217e-02
1.000818e-01 4.839780e-02
7.947831e-02 4.736047e-02
6.311638e-02 5.209090e-02
5.012282e-02 6.754325e-02
3.980421e-02 9.299072e-02
3.160985e-02 1.368900e-01
2.510244e-02 1.947535e-01
1.993468e-02 2.559191e-01
1.583080e-02 3.183423e-01
1.257176e-02 2.899237e-01
9.983657e-03 1.287626e-01
7.928355e-03 5.108646e-02
6.296172e-03 9.921886e-03
5.000000e-03 3.371416e-03
