4.000000e+00 1.001347e-02
3.176534e+00 1.556727e-02
2.522591e+00 2.393311e-02
2.003274e+00 3.617209e-02
1.590867e+00 5.328640e-02
1.263360e+00 7.561225e-02
1.003277e+00 1.018001e-01
7.967354e-01 1.278122e-01
6.327142e-01 1.471457e-01
5.024595e-01 1.535660e-01
3.990198e-01 1.449317e-01
3.168750e-01 1.253419e-01
2.516410e-01 1.020231e-01
1.998365e-01 8.102737e-02
1.586968e-01 6.510007e-02
1.260265e-01 5.427349e-02
1.000818e-01 4.829714e-02
7.947831e-02 4.687864e-02
6.311638e-02 5.203695e-02
5.012282e-02 6.673902e-02
3.980421e-02 9.278762e-02
3.160985e-02 1.341727e-01
2.510244e-02 1.946091e-01
1.993468e-02 2.715895e-01
1.583080e-02 3.110801e-01
1.257176e-02 2.970331e-01
9.983657e-03 1.297076e-01
7.928355e-03 2.341405e-02
6.296172e-03 6.125740e-03
5.000000e-03 3.362408e-03
