4.000000e+00 1.001347e-02
3.176534e+00 1.556727e-02
2.522591e+00 2.393311e-02
2.003274e+00 3.617212e-02
1.590867e+00 5.328622e-02
1.263360e+00 7.561306e-02
1.003277e+00 1.017986e-01
7.967354e-01 1.278055e-01
6.327142e-01 1.471537e-01
5.024595e-01 1.535396e-01
3.990198e-01 1.449399e-01
3.168750e-01 1.253748e-01
2.516410e-01 1.020338e-01
1.998365e-01 8.105961e-02
1.586968e-01 6.506800e-02
1.260265e-01 5.428603e-02
1.000818e-01 4.834262e-02
7.947831e-02 4.677798e-02
6.311638e-02 5.285891e-02
5.012282e-02 6.680828e-02
3.980421e-02 9.451649e-02
3.160985e-02 1.403200e-01
2.510244e-02 1.979050e-01
1.993468e-02 2.683459e-01
1.583080e-02 3.031516e-01
1.257176e-02 2.832796e-01
9.983657e-03 1.551275e-01
7.928355e-03 3.727708e-02
6.296172e-03 7.648863e-03
5.000000e-03 3.233425e-03
