4.000000e+00 1.001347e-02
3.176534e+00 1.556728e-02
2.522591e+00 2.393312e-02
2.003274e+00 3.617216e-02
1.590867e+00 5.328630e-02
1.263360e+00 7.561361e-02
1.003277e+00 1.017977e-01
7.967354e-01 1.278080e-01
6.327142e-01 1.471503e-01
5.024595e-01 1.535552e-01
3.990198e-01 1.449858e-01
3.168750e-01 1.253318e-01
2.516410e-01 1.020052e-01
1.998365e-01 8.108463e-02
1.586968e-01 6.515365e-02
1.260265e-01 5.410756e-02
1.000818e-01 4.811590e-02
7.947831e-02 4.682321e-02
6.311638e-02 5.248968e-02
5.012282e-02 6.625756e-02
3.980421e-02 9.427648e-02
3.160985e-02 1.394910e-01
2.510244e-02 1.993366e-01
1.993468e-02 2.628660e-01
1.583080e-02 3.157601e-01
1.257176e-02 2.764055e-01
9.983657e-03 1.029333e-01
7.928355e-03 2.553089e-02
6.296172e-03 7.645694e-03
5.000000e-03 4.273635e-03
