4.000000e+00 1.004180e-02
3.176534e+00 1.561060e-02
2.522591e+00 2.399804e-02
2.003274e+00 3.626637e-02
1.590867e+00 5.341642e-02
1.263360e+00 7.577983e-02
1.003277e+00 1.019911e-01
7.967354e-01 1.279849e-01
6.327142e-01 1.472689e-01
5.024595e-01 1.535845e-01
3.990198e-01 1.449041e-01
3.168750e-01 1.252142e-01
2.516410e-01 1.018568e-01
1.998365e-01 8.089401e-02
1.586968e-01 6.499838e-02
1.260265e-01 5.417920e-02
1.000818e-01 4.846007e-02
7.947831e-02 4.724103e-02
6.311638e-02 5.183532e-02
5.012282e-02 6.604356e-02
3.980421e-02 9.442358e-02
3.160985e-02 1.379505e-01
2.510244e-02 1.972520e-01
1.993468e-02 2.549031e-01
1.583080e-02 2.742649e-01
1.257176e-02 2.562831e-01
9.983657e-03 1.401335e-01
7.928355e-03 8.851638e-02
6.296172e-03 1.690909e-02
5.000000e-03 4.219013e-03
