4.000000e+00 1.004179e-02
3.176534e+00 1.561060e-02
2.522591e+00 2.399804e-02
2.003274e+00 3.626636e-02
1.590867e+00 5.341644e-02
1.263360e+00 7.577929e-02
1.003277e+00 1.019903e-01
7.967354e-01 1.279913e-01
6.327142e-01 1.472815e-01
5.024595e-01 1.535904e-01
3.990198e-01 1.449181e-01
3.168750e-01 1.251888e-01
2.516410e-01 1.018884e-01
1.998365e-01 8.094527e-02
1.586968e-01 6.489042e-02
1.260265e-01 5.435453e-02
1.000818e-01 4.828215e-02
7.947831e-02 4.744978e-02
6.311638e-02 5.204626e-02
5.012282e-02 6.686925e-02
3.980421e-02 9.657551e-02
3.160985e-02 1.357235e-01
2.510244e-02 1.991609e-01
1.993468e-02 2.546326e-01
1.583080e-02 2.806229e-01
1.257176e-02 2.695344e-01
9.983657e-03 1.322495e-01
7.928355e-03 3.484413e-02
6.296172e-03 1.176692e-02
5.000000e-03 4.325180e-03
