4.000000e+00 1.004180e-02
3.176534e+00 1.561059e-02
2.522591e+00 2.399804e-02
2.003274e+00 3.626633e-02
1.590867e+00 5.341648e-02
1.263360e+00 7.577931e-02
1.003277e+00 1.019923e-01
7.967354e-01 1.279950e-01
6.327142e-01 1.472855e-01
5.024595e-01 1.535889e-01
3.990198e-01 1.449107e-01
3.168750e-01 1.252427e-01
2.516410e-01 1.018712e-01
1.998365e-01 8.092724e-02
1.586968e-01 6.489240e-02
1.260265e-01 5.430904e-02
1.000818e-01 4.837454e-02
7.947831e-02 4.753906e-02
6.311638e-02 5.223909e-02
5.012282e-02 6.580965e-02
3.980421e-02 9.453379e-02
3.160985e-02 1.407132e-01
2.510244e-02 1.981383e-01
1.993468e-02 2.598809e-01
1.583080e-02 2.920600e-01
1.257176e-02 2.839077e-01
9.983657e-03 2.032317e-01
7.928355e-03 1.159413e-01
6.296172e-03 1.087514e-01
5.000000e-03 1.290205e-01
