4.000000e+00 1.004179e-02
3.176534e+00 1.561060e-02
2.522591e+00 2.399802e-02
2.003274e+00 3.626633e-02
1.590867e+00 5.341643e-02
1.263360e+00 7.577940e-02
1.003277e+00 1.019915e-01
7.967354e-01 1.279917e-01
6.327142e-01 1.472825e-01
5.024595e-01 1.536017e-01
3.990198e-01 1.449204e-01
3.168750e-01 1.252492e-01
2.516410e-01 1.018835e-01
1.998365e-01 8.082782e-02
1.586968e-01 6.496793e-02
1.260265e-01 5.438136e-02
1.000818e-01 4.840206e-02
7.947831e-02 4.783667e-02
6.311638e-02 5.247357e-02
5.012282e-02 6.669191e-02
3.980421e-02 9.438699e-02
3.160985e-02 1.364707e-01
2.510244e-02 2.025694e-01
1.993468e-02 2.538945e-01
1.583080e-02 2.815762e-01
1.257176e-02 2.465554e-01
9.983657e-03 1.365747e-01
7.928355e-03 8.508225e-02
6.296172e-03 4.490036e-02
5.000000e-03 2.503996e-02
