4.000000e+00 1.004180e-02
3.176534e+00 1.561060e-02
2.522591e+00 2.399804e-02
2.003274e+00 3.626638e-02
1.590867e+00 5.341639e-02
1.263360e+00 7.577933e-02
1.003277e+00 1.019915e-01
7.967354e-01 1.279904e-01
6.327142e-01 1.472823e-01
5.024595e-01 1.535835e-01
3.990198e-01 1.449052e-01
3.168750e-01 1.252198e-01
2.516410e-01 1.018446e-01
1.998365e-01 8.088809e-02
1.586968e-01 6.501220e-02
1.260265e-01 5.415278e-02
1.000818e-01 4.843562e-02
7.947831e-02 4.703752e-02
6.311638e-02 5.222637e-02
5.012282e-02 6.511912e-02
3.980421e-02 9.222301e-02
3.160985e-02 1.369963e-01
2.510244e-02 1.961411e-01
1.993468e-02 2.535169e-01
1.583080e-02 2.749590e-01
1.257176e-02 2.811932e-01
9.983657e-03 1.754841e-01
7.928355e-03 7.158573e-02
6.296172e-03 1.992426e-02
5.000000e-03 3.804495e-03
