4.000000 0.010042 0.000000
3.176534 0.015611 0.000000
2.522591 0.023998 0.000000
2.003274 0.036266 0.000000
1.590867 0.053416 0.000000
1.263360 0.075779 0.000000
1.003277 0.101991 0.000000
0.796735 0.127992 0.000001
0.632714 0.147280 0.000001
0.502459 0.153590 0.000003
0.399020 0.144911 0.000002
0.316875 0.125230 0.000004
0.251641 0.101864 0.000006
0.199837 0.080898 0.000010
0.158697 0.064969 0.000014
0.126027 0.054254 0.000027
0.100082 0.048224 0.000048
0.079478 0.047265 0.000079
0.063116 0.052388 0.000109
0.050123 0.066384 0.000190
0.039804 0.093474 0.000382
0.031610 0.138964 0.000565
0.025102 0.199770 0.000601
0.019935 0.257188 0.000820
0.015831 0.279428 0.001658
0.012572 0.262798 0.004156
0.009984 0.160979 0.004796
0.007928 0.064732 0.006135
0.006296 0.025575 0.006598
0.005000 0.015647 0.007841
