4.000000e+00 1.004180e-02
3.176534e+00 1.561059e-02
2.522591e+00 2.399803e-02
2.003274e+00 3.626638e-02
1.590867e+00 5.341653e-02
1.263360e+00 7.577943e-02
1.003277e+00 1.019905e-01
7.967354e-01 1.279934e-01
6.327142e-01 1.472814e-01
5.024595e-01 1.535971e-01
3.990198e-01 1.449149e-01
3.168750e-01 1.252269e-01
2.516410e-01 1.018339e-01
1.998365e-01 8.087897e-02
1.586968e-01 6.509745e-02
1.260265e-01 5.429562e-02
1.000818e-01 4.788464e-02
7.947831e-02 4.685706e-02
6.311638e-02 5.221196e-02
5.012282e-02 6.639047e-02
3.980421e-02 9.350816e-02
3.160985e-02 1.362088e-01
2.510244e-02 2.021305e-01
1.993468e-02 2.577661e-01
1.583080e-02 2.765480e-01
1.257176e-02 2.630431e-01
9.983657e-03 1.831040e-01
7.928355e-03 8.323443e-02
6.296172e-03 1.966580e-02
5.000000e-03 5.572595e-03
