4.000000e+00 1.004180e-02
3.176534e+00 1.561060e-02
2.522591e+00 2.399803e-02
2.003274e+00 3.626636e-02
1.590867e+00 5.341649e-02
1.263360e+00 7.577997e-02
1.003277e+00 1.019894e-01
7.967354e-01 1.279919e-01
6.327142e-01 1.472854e-01
5.024595e-01 1.535899e-01
3.990198e-01 1.449112e-01
3.168750e-01 1.252349e-01
2.516410e-01 1.018896e-01
1.998365e-01 8.088741e-02
1.586968e-01 6.490276e-02
1.260265e-01 5.436214e-02
1.000818e-01 4.843949e-02
7.947831e-02 4.735727e-02
6.311638e-02 5.299867e-02
5.012282e-02 6.634077e-02
3.980421e-02 9.197547e-02
3.160985e-02 1.388114e-01
2.510244e-02 2.002110e-01
1.993468e-02 2.537663e-01
1.583080e-02 2.823914e-01
1.257176e-02 2.571049e-01
9.983657e-03 1.782124e-01
7.928355e-03 6.423571e-02
6.296172e-03 2.086110e-02
5.000000e-03 6.020835e-03
