4.000000e+00 1.004180e-02
3.176534e+00 1.561060e-02
2.522591e+00 2.399803e-02
2.003274e+00 3.626631e-02
1.590867e+00 5.341660e-02
1.263360e+00 7.577946e-02
1.003277e+00 1.019907e-01
7.967354e-01 1.279951e-01
6.327142e-01 1.472813e-01
5.024595e-01 1.535918e-01
3.990198e-01 1.449150e-01
3.168750e-01 1.252561e-01
2.516410e-01 1.018839e-01
1.998365e-01 8.094004e-02
1.586968e-01 6.496773e-02
1.260265e-01 5.424935e-02
1.000818e-01 4.823300e-02
7.947831e-02 4.698992e-02
6.311638e-02 5.250369e-02
5.012282e-02 6.605649e-02
3.980421e-02 9.384164e-02
3.160985e-02 1.364712e-01
2.510244e-02 1.974172e-01
1.993468e-02 2.555072e-01
1.583080e-02 2.843147e-01
1.257176e-02 2.653594e-01
9.983657e-03 1.439381e-01
7.928355e-03 2.902883e-02
6.296172e-03 1.000209e-02
5.000000e-03 2.497025e-03
