4.000000e+00 1.004179e-02
3.176534e+00 1.561060e-02
2.522591e+00 2.399804e-02
2.003274e+00 3.626636e-02
1.590867e+00 5.341639e-02
1.263360e+00 7.577933e-02
1.003277e+00 1.019922e-01
7.967354e-01 1.279945e-01
6.327142e-01 1.472790e-01
5.024595e-01 1.535933e-01
3.990198e-01 1.449095e-01
3.168750e-01 1.252278e-01
2.516410e-01 1.018836e-01
1.998365e-01 8.088922e-02
1.586968e-01 6.495803e-02
1.260265e-01 5.425406e-02
1.000818e-01 4.831454e-02
7.947831e-02 4.677872e-02
6.311638e-02 5.211253e-02
5.012282e-02 6.602557e-02
3.980421e-02 9.417614e-02
3.160985e-02 1.423312e-01
2.510244e-02 2.039081e-01
1.993468e-02 2.606163e-01
1.583080e-02 2.656095e-01
1.257176e-02 2.457205e-01
9.983657e-03 1.645313e-01
7.928355e-03 4.295860e-02
6.296172e-03 3.772429e-03
5.000000e-03 1.394518e-03
