4.000000e+00 1.004179e-02
3.176534e+00 1.561060e-02
2.522591e+00 2.399803e-02
2.003274e+00 3.626631e-02
1.590867e+00 5.341640e-02
1.263360e+00 7.577955e-02
1.003277e+00 1.019918e-01
7.967354e-01 1.279921e-01
6.327142e-01 1.472714e-01
5.024595e-01 1.535845e-01
3.990198e-01 1.449136e-01
3.168750e-01 1.252483e-01
2.516410e-01 1.018441e-01
1.998365e-01 8.089955e-02
1.586968e-01 6.489704e-02
1.260265e-01 5.434958e-02
1.000818e-01 4.793881e-02
7.947831e-02 4.786862e-02
6.311638e-02 5.224889e-02
5.012282e-02 6.756946e-02
3.980421e-02 9.338213e-02
3.160985e-02 1.412928e-01
2.510244e-02 2.012598e-01
1.993468e-02 2.606574e-01
1.583080e-02 2.799694e-01
1.257176e-02 2.302613e-01
9.983657e-03 1.513697e-01
7.928355e-03 5.262202e-02
6.296172e-03 2.233741e-02
5.000000e-03 7.697085e-03
