4.000000e+00 1.004180e-02
3.176534e+00 1.561060e-02
2.522591e+00 2.399803e-02
2.003274e+00 3.626636e-02
1.590867e+00 5.341651e-02
1.263360e+00 7.577950e-02
1.003277e+00 1.019934e-01
7.967354e-01 1.279952e-01
6.327142e-01 1.472766e-01
5.024595e-01 1.535746e-01
3.990198e-01 1.449106e-01
3.168750e-01 1.252305e-01
2.516410e-01 1.019002e-01
1.998365e-01 8.093945e-02
1.586968e-01 6.500266e-02
1.260265e-01 5.424597e-02
1.000818e-01 4.789201e-02
7.947831e-02 4.746039e-02
6.311638e-02 5.249571e-02
5.012282e-02 6.792131e-02
3.980421e-02 9.472237e-02
3.160985e-02 1.419846e-01
2.510244e-02 1.955950e-01
1.993468e-02 2.536458e-01
1.583080e-02 2.874765e-01
1.257176e-02 2.952520e-01
9.983657e-03 1.666508e-01
7.928355e-03 7.185781e-02
6.296172e-03 1.222877e-02
5.000000e-03 2.973321e-03
