4.000000e+00 1.004179e-02
3.176534e+00 1.561060e-02
2.522591e+00 2.399804e-02
2.003274e+00 3.626631e-02
1.590867e+00 5.341660e-02
1.263360e+00 7.577898e-02
1.003277e+00 1.019916e-01
7.967354e-01 1.279891e-01
6.327142e-01 1.472747e-01
5.024595e-01 1.535777e-01
3.990198e-01 1.448943e-01
3.168750e-01 1.252392e-01
2.516410e-01 1.018505e-01
1.998365e-01 8.094158e-02
1.586968e-01 6.502189e-02
1.260265e-01 5.414143e-02
1.000818e-01 4.807380e-02
7.947831e-02 4.709658e-02
6.311638e-02 5.235447e-02
5.012282e-02 6.608865e-02
3.980421e-02 9.200350e-02
3.160985e-02 1.406528e-01
2.510244e-02 2.019399e-01
1.993468e-02 2.566026e-01
1.583080e-02 2.795071e-01
1.257176e-02 2.750576e-01
9.983657e-03 1.481133e-01
7.928355e-03 4.919031e-02
6.296172e-03 7.003670e-03
5.000000e-03 3.138950e-03
