4.000000e+00 1.004180e-02
3.176534e+00 1.561060e-02
2.522591e+00 2.399805e-02
2.003274e+00 3.626633e-02
1.590867e+00 5.341641e-02
1.263360e+00 7.577942e-02
1.003277e+00 1.019909e-01
7.967354e-01 1.279931e-01
6.327142e-01 1.472874e-01
5.024595e-01 1.535840e-01
3.990198e-01 1.449052e-01
3.168750e-01 1.252206e-01
2.516410e-01 1.018468e-01
1.998365e-01 8.095546e-02
1.586968e-01 6.499511e-02
1.260265e-01 5.407517e-02
1.000818e-01 4.822661e-02
7.947831e-02 4.702012e-02
6.311638e-02 5.288162e-02
5.012282e-02 6.545062e-02
3.980421e-02 9.254158e-02
3.160985e-02 1.416899e-01
2.510244e-02 2.005246e-01
1.993468e-02 2.635529e-01
1.583080e-02 2.707144e-01
1.257176e-02 2.615728e-01
9.983657e-03 1.593135e-01
7.928355e-03 2.532928e-02
6.296172e-03 4.667098e-03
5.000000e-03 4.180780e-03
