4.000000e+00 1.004180e-02
3.176534e+00 1.561060e-02
2.522591e+00 2.399803e-02
2.003274e+00 3.626636e-02
1.590867e+00 5.341657e-02
1.263360e+00 7.577936e-02
1.003277e+00 1.019901e-01
7.967354e-01 1.279880e-01
6.327142e-01 1.472835e-01
5.024595e-01 1.535979e-01
3.990198e-01 1.449116e-01
3.168750e-01 1.252325e-01
2.516410e-01 1.018229e-01
1.998365e-01 8.084816e-02
1.586968e-01 6.494617e-02
1.260265e-01 5.412929e-02
1.000818e-01 4.821491e-02
7.947831e-02 4.730892e-02
6.311638e-02 5.330066e-02
5.012282e-02 6.679881e-02
3.980421e-02 9.503610e-02
3.160985e-02 1.384298e-01
2.510244e-02 2.001919e-01
1.993468e-02 2.556716e-01
1.583080e-02 2.865296e-01
1.257176e-02 2.508350e-01
9.983657e-03 1.772178e-01
7.928355e-03 6.551125e-02
6.296172e-03 4.151808e-02
5.000000e-03 2.996198e-02
