4.000000e+00 1.004179e-02
3.176534e+00 1.561059e-02
2.522591e+00 2.399802e-02
2.003274e+00 3.626635e-02
1.590867e+00 5.341651e-02
1.263360e+00 7.577943e-02
1.003277e+00 1.019926e-01
7.967354e-01 1.279929e-01
6.327142e-01 1.472819e-01
5.024595e-01 1.536178e-01
3.990198e-01 1.449287e-01
3.168750e-01 1.252268e-01
2.516410e-01 1.018820e-01
1.998365e-01 8.083032e-02
1.586968e-01 6.498208e-02
1.260265e-01 5.415618e-02
1.000818e-01 4.827380e-02
7.947831e-02 4.731839e-02
6.311638e-02 5.156567e-02
5.012282e-02 6.573334e-02
3.980421e-02 9.113727e-02
3.160985e-02 1.397476e-01
2.510244e-02 1.987485e-01
1.993468e-02 2.618667e-01
1.583080e-02 2.797453e-01
1.257176e-02 2.731239e-01
9.983657e-03 1.564812e-01
7.928355e-03 8.344121e-02
6.296172e-03 5.199846e-02
5.000000e-03 1.614914e-02
