4.000000e+00 1.004179e-02
3.176534e+00 1.561060e-02
2.522591e+00 2.399802e-02
2.003274e+00 3.626634e-02
1.590867e+00 5.341648e-02
1.263360e+00 7.578017e-02
1.003277e+00 1.019910e-01
7.967354e-01 1.279882e-01
6.327142e-01 1.472839e-01
5.024595e-01 1.535872e-01
3.990198e-01 1.449084e-01
3.168750e-01 1.252139e-01
2.516410e-01 1.018467e-01
1.998365e-01 8.087168e-02
1.586968e-01 6.497102e-02
1.260265e-01 5.443390e-02
1.000818e-01 4.814314e-02
7.947831e-02 4.707955e-02
6.311638e-02 5.271850e-02
5.012282e-02 6.723340e-02
3.980421e-02 9.111739e-02
3.160985e-02 1.379551e-01
2.510244e-02 2.011335e-01
1.993468e-02 2.585268e-01
1.583080e-02 2.745609e-01
1.257176e-02 2.499571e-01
9.983657e-03 1.590520e-01
7.928355e-03 7.233310e-02
6.296172e-03 1.288961e-02
5.000000e-03 4.362595e-03
